Day	Month	Year	Tmin(C)	Tmax(C)	Prcp(mm)	Et0(mm)
1	1	2016	17.0	21.0	0.0	1.69
2	1	2016	18.0	21.1	0.0	1.53
3	1	2016	19.0	21.0	0.4	1.24
4	1	2016	21.0	25.0	0.0	1.86
5	1	2016	20.0	23.0	4.0	1.57
6	1	2016	17.0	24.0	0.0	2.37
7	1	2016	17.0	21.0	0.0	1.71
8	1	2016	17.4	21.1	0.0	1.65
9	1	2016	18.0	21.0	0.0	1.51
10	1	2016	16.9	20.1	20.0	1.53
11	1	2016	16.0	21.0	0.1	1.91
12	1	2016	14.0	19.0	0.0	1.83
13	1	2016	15.8	19.3	0.0	1.55
14	1	2016	15.2	19.0	1.0	1.64
15	1	2016	14.8	17.0	15.0	1.2
16	1	2016	17.8	19.0	9.0	0.95
17	1	2016	12.0	19.0	5.0	2.18
18	1	2016	16.0	18.0	0.0	1.17
19	1	2016	16.0	18.0	0.0	1.2
20	1	2016	15.9	17.0	1.0	0.87
21	1	2016	13.8	17.0	0.0	1.46
22	1	2016	7.8	15.5	16.3	1.99
23	1	2016	3.0	8.4	0.0	1.43
24	1	2016	3.0	6.0	1.0	0.96
25	1	2016	8.0	11.0	0.0	1.14
26	1	2016	8.0	12.3	0.1	1.41
27	1	2016	13.0	18.0	6.0	1.85
28	1	2016	16.0	19.0	71.0	1.54
29	1	2016	16.0	20.0	20.0	1.81
30	1	2016	16.0	18.1	0.0	1.28
31	1	2016	12.0	17.1	3.0	1.95
1	2	2016	8.7	12.0	10.0	1.33
2	2	2016	8.0	10.1	0.1	1.02
3	2	2016	12.0	14.0	0.0	1.13
4	2	2016	12.0	17.0	0.0	1.88
5	2	2016	11.0	16.1	0.0	1.89
6	2	2016	10.6	18.0	0.0	2.3
7	2	2016	10.0	18.4	0.0	2.44
8	2	2016	13.0	21.0	0.0	2.57
9	2	2016	17.9	22.0	0.0	1.98
10	2	2016	16.4	20.0	0.0	1.85
11	2	2016	19.0	23.0	0.0	2.09
12	2	2016	22.5	26.0	0.0	2.13
13	2	2016	19.9	27.5	0.0	3.17
14	2	2016	12.0	24.0	0.0	3.49
15	2	2016	10.6	13.1	0.0	1.31
16	2	2016	11.3	13.0	0.0	1.1
17	2	2016	11.0	14.0	4.0	1.48
18	2	2016	14.0	16.0	0.1	1.29
19	2	2016	13.0	16.4	4.0	1.69
20	2	2016	15.0	21.0	0.0	2.44
21	2	2016	15.6	17.0	0.0	1.14
22	2	2016	14.0	19.0	0.0	2.18
23	2	2016	12.0	16.0	0.0	1.85
24	2	2016	13.0	15.7	0.0	1.52
25	2	2016	13.7	16.0	0.0	1.44
26	2	2016	13.4	15.0	0.0	1.19
27	2	2016	12.1	18.0	0.0	2.37
28	2	2016	13.0	20.2	0.0	2.74
29	2	2016	15.0	24.0	0.0	3.29
1	3	2016	14.8	21.0	0.0	2.63
2	3	2016	16.0	21.0	0.0	2.44
3	3	2016	19.0	22.0	0.0	1.99
4	3	2016	20.0	24.0	0.0	2.39
5	3	2016	19.0	24.0	0.0	2.66
6	3	2016	19.0	24.8	0.0	2.94
7	3	2016	19.8	23.0	0.0	2.16
8	3	2016	21.0	25.0	0.0	2.51
9	3	2016	15.0	25.0	0.4	3.86
10	3	2016	9.8	14.0	2.0	1.88
11	3	2016	11.0	13.0	0.0	1.33
12	3	2016	14.0	16.0	0.0	1.47
13	3	2016	15.0	19.0	5.0	2.17
14	3	2016	14.0	17.1	0.2	1.87
15	3	2016	14.9	17.0	0.0	1.55
16	3	2016	16.0	18.0	0.4	1.59
17	3	2016	18.0	23.0	0.0	2.69
18	3	2016	21.8	26.0	0.0	2.74
19	3	2016	20.0	27.0	0.0	3.65
20	3	2016	17.9	22.0	0.0	2.51
21	3	2016	17.0	20.0	27.0	2.05
22	3	2016	17.8	19.0	0.4	1.31
23	3	2016	17.0	22.0	11.0	2.78
24	3	2016	12.9	17.0	12.0	2.21
25	3	2016	12.0	17.0	0.1	2.39
26	3	2016	15.0	21.0	0.0	2.88
27	3	2016	15.9	21.0	0.0	2.73
28	3	2016	15.9	21.0	0.0	2.75
29	3	2016	19.7	22.0	0.0	1.95
30	3	2016	19.7	22.0	0.0	1.99
31	3	2016	20.7	27.0	0.0	3.46
1	4	2016	21.0	27.0	0.0	3.45
2	4	2016	22.0	26.0	0.0	2.83
3	4	2016	23.0	27.0	0.0	2.93
4	4	2016	20.9	28.0	2.0	3.81
5	4	2016	22.0	27.0	0.0	3.26
6	4	2016	23.0	28.0	0.0	3.34
7	4	2016	24.0	28.0	0.0	3.05
8	4	2016	25.0	30.1	0.0	3.51
9	4	2016	25.9	29.0	0.0	2.76
10	4	2016	21.6	27.0	34.0	3.37
11	4	2016	20.7	25.0	0.0	2.94
12	4	2016	21.0	27.0	0.9	3.57
13	4	2016	23.0	24.0	25.0	1.46
14	4	2016	23.0	28.0	0.0	3.44
15	4	2016	22.0	26.0	2.0	2.92
16	4	2016	26.0	29.0	0.0	2.79
17	4	2016	21.9	30.0	0.0	4.52
18	4	2016	20.0	24.4	6.0	3.04
19	4	2016	20.0	22.1	0.2	2.04
20	4	2016	23.0	27.3	0.0	3.13
21	4	2016	25.0	29.3	0.0	3.29
22	4	2016	21.0	26.3	20.0	3.51
23	4	2016	24.4	29.0	1.0	3.45
24	4	2016	25.0	29.0	5.0	3.17
25	4	2016	27.0	30.0	0.0	2.87
26	4	2016	27.0	30.0	0.0	2.89
27	4	2016	25.0	29.4	0.5	3.43
28	4	2016	24.7	29.0	0.0	3.37
29	4	2016	23.6	28.0	0.0	3.31
30	4	2016	21.7	26.0	8.0	3.12
1	5	2016	24.0	27.0	0.0	2.73
2	5	2016	26.0	30.1	0.0	3.42
3	5	2016	23.9	31.0	4.0	4.33
4	5	2016	27.0	30.0	0.0	2.92
5	5	2016	28.0	32.0	0.0	3.5
6	5	2016	28.0	31.3	0.0	3.14
7	5	2016	28.0	32.0	0.0	3.51
8	5	2016	28.0	31.4	0.0	3.21
9	5	2016	26.0	31.0	0.0	3.91
10	5	2016	24.0	29.0	46.0	3.6
11	5	2016	24.4	28.1	0.0	3.11
12	5	2016	25.8	30.0	0.0	3.42
13	5	2016	25.9	29.0	0.0	2.93
14	5	2016	26.0	30.0	0.0	3.36
15	5	2016	22.8	31.0	3.0	4.74
16	5	2016	23.0	27.6	0.0	3.45
17	5	2016	23.8	26.5	0.0	2.62
18	5	2016	25.0	28.2	0.0	2.95
19	5	2016	26.0	31.0	0.0	3.78
20	5	2016	25.0	28.0	108.0	2.87
21	5	2016	26.0	29.0	0.0	2.92
22	5	2016	25.0	31.0	0.0	4.17
23	5	2016	25.9	31.1	0.0	3.93
24	5	2016	27.0	31.6	0.0	3.72
25	5	2016	27.7	33.0	0.0	4.09
26	5	2016	27.0	31.0	0.3	3.5
27	5	2016	27.0	31.0	3.3	3.49
28	5	2016	25.1	32.0	0.4	4.57
29	5	2016	29.0	32.0	0.0	3.12
30	5	2016	29.0	33.0	0.0	3.64
31	5	2016	29.0	33.2	0.0	3.75
1	6	2016	29.0	33.7	0.0	3.97
2	6	2016	29.9	34.0	0.0	3.74
3	6	2016	30.0	34.0	0.0	3.69
4	6	2016	26.0	34.0	0.2	4.97
5	6	2016	25.0	30.1	5.0	3.78
6	6	2016	25.7	30.0	21.0	3.51
7	6	2016	26.0	31.0	0.0	3.94
8	6	2016	27.5	31.0	0.0	3.28
9	6	2016	28.0	33.0	0.5	3.94
10	6	2016	26.0	32.0	0.0	4.29
11	6	2016	27.0	29.0	17.0	2.42
12	6	2016	27.0	31.0	11.1	3.53
13	6	2016	30.0	33.0	0.0	3.18
14	6	2016	30.0	32.5	0.0	2.91
15	6	2016	30.0	33.0	0.0	3.18
16	6	2016	27.0	31.4	0.0	3.69
17	6	2016	29.0	33.0	0.0	3.62
18	6	2016	29.0	34.0	0.0	4.05
19	6	2016	29.0	33.0	0.0	3.67
20	6	2016	29.0	34.0	0.0	4.1
21	6	2016	29.0	34.0	0.0	4.1
22	6	2016	29.0	34.0	0.0	4.1
23	6	2016	29.0	33.0	0.0	3.64
24	6	2016	29.0	34.6	0.0	4.36
25	6	2016	30.0	35.0	0.0	4.16
26	6	2016	29.5	34.9	0.0	4.33
27	6	2016	27.0	36.0	0.0	5.6
28	6	2016	27.0	31.5	4.1	3.77
29	6	2016	28.0	32.3	8.0	3.72
30	6	2016	29.7	33.1	2.0	3.37
1	7	2016	29.0	32.7	0.4	3.5
2	7	2016	29.9	33.0	0.0	3.22
3	7	2016	28.4	33.1	8.6	3.91
4	7	2016	27.8	31.5	5.0	3.42
5	7	2016	27.0	33.0	4.4	4.42
6	7	2016	25.5	31.0	25.0	4.05
7	7	2016	29.0	34.0	0.0	4.09
8	7	2016	31.0	36.0	0.0	4.25
9	7	2016	26.0	36.0	112.0	5.85
10	7	2016	27.0	32.0	0.3	3.99
11	7	2016	28.0	31.3	1.0	3.2
12	7	2016	27.0	30.0	0.0	3.03
13	7	2016	26.0	31.3	10.0	4.0
14	7	2016	29.0	31.1	5.0	2.58
15	7	2016	29.0	33.0	1.0	3.64
16	7	2016	30.0	34.0	0.0	3.66
17	7	2016	29.0	34.0	0.0	4.08
18	7	2016	29.0	33.7	0.0	3.94
19	7	2016	28.7	32.3	11.3	3.4
20	7	2016	29.0	33.0	0.0	3.6
21	7	2016	28.4	33.0	0.0	3.87
22	7	2016	29.0	34.0	0.0	4.04
23	7	2016	28.9	34.0	0.0	4.08
24	7	2016	28.0	35.0	0.0	4.8
25	7	2016	29.0	35.1	0.0	4.49
26	7	2016	29.0	35.0	0.0	4.46
27	7	2016	29.0	34.0	0.0	4.03
28	7	2016	28.9	35.0	0.0	4.46
29	7	2016	29.0	35.0	0.0	4.47
30	7	2016	28.3	35.0	0.0	4.62
31	7	2016	29.0	34.0	0.0	4.05
1	8	2016	25.7	33.6	16.0	4.93
2	8	2016	26.0	29.0	54.4	2.89
3	8	2016	26.2	29.0	17.0	2.79
4	8	2016	27.0	32.0	0.2	3.78
5	8	2016	28.0	33.0	0.0	3.96
6	8	2016	28.8	34.1	0.0	4.09
7	8	2016	29.0	35.0	0.0	4.4
8	8	2016	30.0	35.0	0.0	4.03
9	8	2016	25.0	33.5	0.0	5.08
10	8	2016	26.0	29.0	16.0	2.83
11	8	2016	25.6	30.2	24.0	3.55
12	8	2016	27.9	30.0	1.0	2.44
13	8	2016	27.0	32.5	17.0	3.98
14	8	2016	26.5	32.0	13.0	3.92
15	8	2016	26.0	29.0	6.0	2.83
16	8	2016	26.0	28.0	11.0	2.28
17	8	2016	26.9	30.0	19.0	2.87
18	8	2016	27.0	30.0	10.0	2.84
19	8	2016	28.0	33.0	9.0	3.8
20	8	2016	25.0	34.0	0.0	5.11
21	8	2016	26.3	30.2	7.0	3.25
22	8	2016	27.0	34.0	0.0	4.52
23	8	2016	29.0	34.0	0.0	3.87
24	8	2016	28.5	33.7	0.0	3.93
25	8	2016	28.9	33.4	0.0	3.65
26	8	2016	29.0	35.0	0.0	4.21
27	8	2016	26.0	33.0	15.0	4.4
28	8	2016	27.0	31.0	0.0	3.26
29	8	2016	26.7	29.2	0.0	2.49
30	8	2016	27.0	31.0	0.0	3.25
31	8	2016	27.0	32.0	0.8	3.66
1	9	2016	26.3	31.0	13.0	3.53
2	9	2016	27.0	32.0	0.1	3.62
3	9	2016	27.0	32.3	0.0	3.71
4	9	2016	28.0	32.0	0.0	3.24
5	9	2016	26.0	30.4	52.7	3.26
6	9	2016	27.0	29.0	0.1	2.2
7	9	2016	26.2	29.0	9.0	2.57
8	9	2016	27.0	31.0	0.1	3.14
9	9	2016	26.0	30.0	18.0	3.07
10	9	2016	25.0	28.5	67.0	2.8
11	9	2016	26.0	32.0	12.0	3.8
12	9	2016	28.0	32.2	0.0	3.24
13	9	2016	28.0	32.0	0.0	3.13
14	9	2016	29.0	32.0	0.0	2.77
15	9	2016	28.0	33.0	0.0	3.58
16	9	2016	28.0	33.0	0.0	3.54
17	9	2016	27.0	33.0	0.0	3.86
18	9	2016	27.0	32.0	0.0	3.46
19	9	2016	24.0	32.0	1.0	4.26
20	9	2016	23.0	29.0	17.0	3.49
21	9	2016	27.0	32.0	0.0	3.37
22	9	2016	27.0	31.3	0.0	3.1
23	9	2016	27.6	31.1	0.0	2.8
24	9	2016	27.0	32.7	0.0	3.56
25	9	2016	27.3	32.0	0.0	3.23
26	9	2016	28.5	32.0	0.0	2.82
27	9	2016	30.0	35.0	0.0	3.53
28	9	2016	27.0	32.3	0.0	3.47
29	9	2016	24.0	27.1	0.0	2.37
30	9	2016	23.0	25.0	0.0	1.83
1	10	2016	25.0	29.0	6.0	2.77
2	10	2016	27.0	31.0	0.0	2.84
3	10	2016	27.0	31.0	0.0	2.85
4	10	2016	27.9	32.0	0.0	2.92
5	10	2016	27.0	31.4	0.0	2.96
6	10	2016	26.0	32.0	0.6	3.48
7	10	2016	28.8	31.0	0.0	2.12
8	10	2016	26.0	31.0	0.0	3.11
9	10	2016	24.0	29.0	0.0	2.94
10	10	2016	21.0	29.4	0.0	3.73
11	10	2016	22.0	27.0	1.0	2.79
12	10	2016	23.0	25.4	1.0	1.91
13	10	2016	25.0	29.0	0.0	2.6
14	10	2016	25.0	31.0	0.0	3.22
15	10	2016	27.0	31.0	0.0	2.67
16	10	2016	27.0	32.0	0.0	3.01
17	10	2016	24.9	31.0	7.0	3.17
18	10	2016	25.0	27.2	81.0	1.85
19	10	2016	25.9	28.0	8.6	1.82
20	10	2016	26.7	30.0	0.0	2.34
21	10	2016	26.1	28.0	6.0	1.73
22	10	2016	26.7	31.0	0.0	2.66
23	10	2016	27.0	30.6	0.0	2.43
24	10	2016	27.0	31.0	0.0	2.56
25	10	2016	26.7	32.0	0.0	2.93
26	10	2016	26.0	31.0	0.0	2.82
27	10	2016	26.0	30.1	0.0	2.52
28	10	2016	26.0	31.1	0.0	2.83
29	10	2016	23.0	31.4	0.0	3.46
30	10	2016	23.0	27.0	0.0	2.26
31	10	2016	23.0	29.0	0.0	2.84
1	11	2016	21.9	26.0	0.0	2.24
2	11	2016	20.0	25.7	0.0	2.53
3	11	2016	19.0	26.0	0.0	2.76
4	11	2016	21.0	26.0	0.0	2.36
5	11	2016	23.0	27.0	0.0	2.19
6	11	2016	23.0	27.4	0.0	2.31
7	11	2016	24.0	29.0	0.0	2.53
8	11	2016	19.0	29.0	0.0	3.37
9	11	2016	17.0	21.1	0.0	1.9
10	11	2016	16.0	17.0	1.0	0.87
11	11	2016	17.0	23.0	0.0	2.37
12	11	2016	24.7	27.2	0.0	1.71
13	11	2016	23.6	29.0	0.0	2.54
14	11	2016	23.9	29.0	0.0	2.46
15	11	2016	24.9	30.7	0.0	2.65
16	11	2016	24.0	28.2	0.0	2.19
17	11	2016	24.0	29.0	0.0	2.39
18	11	2016	25.0	29.1	0.0	2.19
19	11	2016	25.0	30.1	0.7	2.47
20	11	2016	25.0	30.0	0.0	2.42
21	11	2016	24.0	29.0	0.1	2.36
22	11	2016	21.7	25.0	17.0	1.78
23	11	2016	14.0	22.1	10.0	2.45
24	11	2016	15.0	20.0	0.1	1.86
25	11	2016	17.0	22.0	0.0	2.0
26	11	2016	12.7	18.0	38.0	1.76
27	11	2016	14.0	20.0	0.0	2.04
28	11	2016	18.0	23.0	0.0	1.96
29	11	2016	18.0	20.4	0.0	1.34
30	11	2016	17.0	23.0	0.0	2.18
1	12	2016	18.0	23.0	0.0	1.99
2	12	2016	20.0	23.0	0.0	1.57
3	12	2016	21.0	24.0	0.0	1.6
4	12	2016	22.0	25.1	0.0	1.67
5	12	2016	21.0	26.1	0.0	2.18
6	12	2016	18.0	24.0	0.0	2.18
7	12	2016	18.0	23.0	0.0	1.97
8	12	2016	16.0	22.0	0.0	2.1
9	12	2016	19.0	23.0	0.0	1.77
10	12	2016	20.0	24.2	0.0	1.87
11	12	2016	19.7	23.6	0.0	1.78
12	12	2016	21.4	27.0	0.0	2.25
13	12	2016	21.0	26.4	0.0	2.21
14	12	2016	17.0	23.0	0.0	2.13
15	12	2016	13.0	21.0	0.0	2.26
16	12	2016	13.9	19.0	0.0	1.72
17	12	2016	18.0	20.0	0.0	1.16
18	12	2016	19.9	24.0	0.0	1.78
19	12	2016	21.4	26.4	0.0	2.09
20	12	2016	22.7	26.0	0.0	1.71
21	12	2016	21.7	24.0	0.4	1.39
22	12	2016	18.0	24.3	0.0	2.2
23	12	2016	17.0	22.0	0.3	1.92
24	12	2016	18.0	20.0	0.1	1.19
25	12	2016	20.0	22.0	0.0	1.26
26	12	2016	16.0	24.3	0.0	2.56
27	12	2016	11.0	18.5	0.0	2.02
28	12	2016	14.0	17.0	0.0	1.31
29	12	2016	14.9	19.0	0.0	1.59
30	12	2016	15.0	19.0	0.0	1.61
31	12	2016	19.0	21.0	0.0	1.21
1	1	2017	19.0	22.9	0.0	1.74
2	1	2017	19.0	24.0	0.0	2.01
3	1	2017	19.7	24.4	0.0	1.98
4	1	2017	20.0	26.0	0.0	2.28
5	1	2017	20.0	24.5	0.0	1.98
6	1	2017	20.7	25.2	0.0	1.99
7	1	2017	21.0	27.0	0.0	2.32
8	1	2017	19.7	26.0	0.0	2.4
9	1	2017	19.7	23.0	0.0	1.65
10	1	2017	19.0	23.3	0.0	1.89
11	1	2017	19.8	22.0	0.0	1.34
12	1	2017	14.0	21.0	0.0	2.2
13	1	2017	13.4	16.0	0.0	1.24
14	1	2017	14.0	16.0	0.0	1.11
15	1	2017	14.0	16.0	0.1	1.11
16	1	2017	16.0	18.2	0.3	1.24
17	1	2017	18.0	21.0	0.0	1.55
18	1	2017	19.0	20.8	0.0	1.21
19	1	2017	17.0	22.0	0.0	2.04
20	1	2017	14.0	20.0	0.0	2.09
21	1	2017	14.0	19.4	0.0	1.99
22	1	2017	15.0	19.5	0.0	1.81
23	1	2017	16.0	20.0	0.0	1.75
24	1	2017	17.0	21.4	0.0	1.89
25	1	2017	15.8	21.9	0.0	2.23
26	1	2017	15.0	21.0	0.0	2.17
27	1	2017	17.0	21.2	0.0	1.87
28	1	2017	18.0	21.0	0.0	1.62
29	1	2017	19.0	22.0	0.3	1.68
30	1	2017	17.0	23.0	0.0	2.36
31	1	2017	16.7	19.3	0.0	1.47
1	2	2017	17.0	23.0	0.0	2.35
2	2	2017	16.0	19.0	0.0	1.59
3	2	2017	17.0	21.0	0.0	1.89
4	2	2017	18.0	23.0	2.0	2.2
5	2	2017	17.0	23.0	0.0	2.42
6	2	2017	16.8	23.0	0.0	2.45
7	2	2017	17.0	20.0	0.0	1.67
8	2	2017	12.0	21.0	0.3	2.77
9	2	2017	10.0	16.0	0.0	2.01
10	2	2017	11.0	15.0	0.0	1.66
11	2	2017	12.0	16.4	0.0	1.81
12	2	2017	13.0	18.0	0.0	2.03
13	2	2017	16.0	20.0	0.0	1.93
14	2	2017	16.0	22.2	0.0	2.51
15	2	2017	17.0	22.0	0.0	2.29
16	2	2017	16.0	22.0	0.0	2.56
17	2	2017	17.0	25.0	0.0	3.08
18	2	2017	17.0	26.0	0.0	3.27
19	2	2017	18.8	20.0	0.5	1.15
20	2	2017	20.0	25.0	0.0	2.53
21	2	2017	17.5	21.0	10.0	1.97
22	2	2017	17.0	25.0	0.0	3.21
23	2	2017	11.0	17.1	0.0	2.3
24	2	2017	10.0	12.0	0.0	1.2
25	2	2017	10.0	12.1	1.6	1.22
26	2	2017	11.0	17.0	0.0	2.38
27	2	2017	16.0	21.0	0.0	2.36
28	2	2017	16.0	22.2	0.0	2.7
1	3	2017	17.5	21.0	0.0	2.08
2	3	2017	16.0	23.0	0.0	2.95
3	3	2017	17.7	22.0	0.0	2.3
4	3	2017	19.0	24.0	0.0	2.62
5	3	2017	19.8	24.0	0.0	2.47
6	3	2017	18.0	21.8	0.0	2.24
7	3	2017	15.6	21.0	0.0	2.57
8	3	2017	15.0	17.3	2.0	1.6
9	3	2017	17.0	19.8	0.1	1.86
10	3	2017	18.0	23.0	0.0	2.66
11	3	2017	18.0	19.2	0.0	1.26
12	3	2017	20.4	22.0	0.0	1.55
13	3	2017	21.5	26.0	0.0	2.8
14	3	2017	16.5	22.8	5.6	2.87
15	3	2017	17.8	19.2	0.0	1.36
16	3	2017	17.7	20.0	0.0	1.78
17	3	2017	18.4	22.0	0.0	2.3
18	3	2017	20.0	22.6	0.0	2.04
19	3	2017	19.0	24.0	13.0	2.79
20	3	2017	21.5	27.0	0.0	3.18
21	3	2017	19.0	27.0	0.0	3.79
22	3	2017	18.7	21.0	0.0	1.89
23	3	2017	20.9	25.1	0.0	2.74
24	3	2017	21.0	26.0	0.0	3.0
25	3	2017	14.5	24.0	0.0	3.68
26	3	2017	14.0	17.0	0.0	1.96
27	3	2017	19.0	23.1	0.0	2.61
28	3	2017	21.0	26.0	0.0	3.02
29	3	2017	22.0	26.6	0.0	3.0
30	3	2017	22.0	26.0	0.0	2.81
31	3	2017	15.6	23.8	17.0	3.53
1	4	2017	17.0	22.3	0.0	2.92
2	4	2017	18.0	25.0	0.0	3.5
3	4	2017	19.9	25.0	0.0	3.08
4	4	2017	21.0	26.0	0.0	3.13
5	4	2017	23.0	27.0	0.0	2.91
6	4	2017	22.8	26.3	0.0	2.73
7	4	2017	24.0	27.6	0.0	2.85
8	4	2017	24.6	28.0	0.0	2.82
9	4	2017	27.0	29.0	0.0	2.23
10	4	2017	25.0	29.0	0.0	3.16
11	4	2017	20.0	29.1	0.3	4.5
12	4	2017	18.0	21.1	0.0	2.33
13	4	2017	19.0	21.2	0.0	2.0
14	4	2017	22.0	25.0	0.0	2.49
15	4	2017	23.7	29.0	0.0	3.53
16	4	2017	24.0	30.0	0.0	3.84
17	4	2017	24.0	29.5	0.0	3.69
18	4	2017	25.0	31.0	0.0	3.97
19	4	2017	26.6	30.0	0.0	3.03
20	4	2017	24.8	28.0	33.0	2.87
21	4	2017	20.0	30.0	0.3	4.85
22	4	2017	18.0	21.3	4.0	2.51
23	4	2017	20.7	22.3	0.1	1.79
24	4	2017	21.0	24.3	0.5	2.64
25	4	2017	22.8	25.0	0.8	2.23
26	4	2017	23.0	29.0	4.0	3.85
27	4	2017	20.8	23.0	1.0	2.13
28	4	2017	20.0	25.0	0.0	3.26
29	4	2017	21.0	27.0	0.0	3.71
30	4	2017	23.0	27.8	0.0	3.41
1	5	2017	24.9	29.0	0.0	3.27
2	5	2017	26.0	29.0	0.0	2.87
3	5	2017	26.0	30.0	0.0	3.35
4	5	2017	23.0	27.0	42.0	3.1
5	5	2017	26.0	29.0	0.0	2.85
6	5	2017	26.0	31.0	0.0	3.78
7	5	2017	25.0	29.3	0.0	3.41
8	5	2017	22.7	29.0	20.0	4.07
9	5	2017	26.0	29.0	0.0	2.86
10	5	2017	26.0	30.0	0.0	3.38
11	5	2017	26.7	31.0	0.0	3.52
12	5	2017	27.0	31.0	0.0	3.4
13	5	2017	25.0	27.0	0.3	2.28
14	5	2017	25.0	31.0	14.0	4.14
15	5	2017	24.0	27.0	30.0	2.81
16	5	2017	23.3	28.0	0.0	3.49
17	5	2017	25.0	30.0	0.0	3.74
18	5	2017	25.0	29.0	0.2	3.31
19	5	2017	23.5	27.0	0.0	2.98
20	5	2017	24.3	26.0	0.1	2.1
21	5	2017	24.9	27.0	0.0	2.35
22	5	2017	25.0	27.2	0.6	2.43
23	5	2017	26.0	31.0	0.0	3.86
24	5	2017	24.0	26.0	107.0	2.26
25	5	2017	24.2	28.1	0.0	3.26
26	5	2017	23.7	27.0	0.0	2.96
27	5	2017	25.6	31.0	0.0	3.93
28	5	2017	25.6	31.0	0.0	3.95
29	5	2017	26.0	30.0	0.0	3.4
30	5	2017	26.0	30.4	0.0	3.58
31	5	2017	28.8	33.0	0.0	3.67
1	6	2017	29.7	32.3	0.0	2.92
2	6	2017	29.0	33.2	0.0	3.73
3	6	2017	29.9	34.9	0.0	4.13
4	6	2017	29.8	34.0	0.0	3.74
5	6	2017	29.0	33.0	0.0	3.64
6	6	2017	27.0	33.6	0.0	4.67
7	6	2017	29.0	33.1	0.0	3.67
8	6	2017	28.0	34.0	0.0	4.47
9	6	2017	29.0	32.0	2.0	3.13
10	6	2017	28.8	32.4	0.0	3.45
11	6	2017	28.0	33.4	0.0	4.21
12	6	2017	25.0	33.0	8.0	4.9
13	6	2017	26.0	30.0	37.0	3.48
14	6	2017	28.0	31.0	2.0	3.09
15	6	2017	29.0	32.0	0.0	3.14
16	6	2017	26.2	31.0	28.4	3.86
17	6	2017	25.0	28.0	29.0	2.89
18	6	2017	26.6	29.0	8.0	2.64
19	6	2017	25.9	29.8	8.1	3.36
20	6	2017	26.0	29.5	25.0	3.22
21	6	2017	27.4	31.0	5.0	3.37
22	6	2017	28.7	32.0	0.1	3.26
23	6	2017	29.0	32.0	3.0	3.09
24	6	2017	27.0	32.0	12.0	3.98
25	6	2017	29.0	33.0	0.0	3.62
26	6	2017	29.0	33.0	0.0	3.64
27	6	2017	29.0	32.0	0.4	3.13
28	6	2017	28.9	34.0	0.8	4.09
29	6	2017	28.0	33.0	0.0	4.03
30	6	2017	29.0	34.0	0.0	4.05
1	7	2017	28.0	33.0	0.0	4.05
2	7	2017	29.0	31.0	7.0	2.53
3	7	2017	27.0	30.0	19.0	2.99
4	7	2017	26.8	30.9	2.0	3.48
5	7	2017	27.0	33.0	3.0	4.31
6	7	2017	27.0	31.0	4.0	3.44
7	7	2017	27.0	30.0	15.0	2.98
8	7	2017	27.0	30.0	5.0	3.02
9	7	2017	28.0	32.0	0.0	3.56
10	7	2017	28.0	32.0	0.0	3.56
11	7	2017	28.0	33.0	0.0	4.02
12	7	2017	28.0	34.0	0.0	4.42
13	7	2017	28.4	34.5	0.0	4.5
14	7	2017	28.0	34.0	3.0	4.43
15	7	2017	28.0	33.0	8.0	3.98
16	7	2017	26.9	31.0	20.0	3.48
17	7	2017	25.7	29.0	32.0	3.04
18	7	2017	25.0	28.4	15.0	3.02
19	7	2017	27.6	31.2	0.0	3.31
20	7	2017	27.9	33.0	0.0	4.02
21	7	2017	27.0	34.4	0.0	4.91
22	7	2017	28.5	34.1	0.0	4.26
23	7	2017	26.0	30.0	10.0	3.36
24	7	2017	28.0	32.1	0.5	3.55
25	7	2017	27.0	34.0	0.0	4.72
26	7	2017	28.5	33.0	0.0	3.79
27	7	2017	28.9	33.0	0.0	3.6
28	7	2017	29.8	36.0	0.0	4.56
29	7	2017	30.0	36.0	0.0	4.54
30	7	2017	30.8	37.0	0.0	4.67
31	7	2017	30.0	34.0	0.0	3.63
1	8	2017	30.7	34.3	0.0	3.45
2	8	2017	26.0	33.0	0.5	4.65
3	8	2017	26.0	32.0	0.2	4.19
4	8	2017	28.0	30.3	0.2	2.59
5	8	2017	29.7	33.4	0.0	3.43
6	8	2017	29.9	34.0	0.0	3.65
7	8	2017	30.0	35.0	0.0	4.04
8	8	2017	29.0	34.0	0.0	3.99
9	8	2017	28.0	32.0	6.0	3.51
10	8	2017	29.0	32.0	0.3	3.03
11	8	2017	29.0	33.0	0.9	3.54
12	8	2017	29.5	33.0	0.0	3.29
13	8	2017	29.5	33.0	0.0	3.3
14	8	2017	29.0	34.0	0.0	3.93
15	8	2017	29.0	34.0	0.0	3.95
16	8	2017	28.0	32.1	4.0	3.48
17	8	2017	28.0	32.7	0.0	3.74
18	8	2017	29.0	33.2	0.0	3.57
19	8	2017	28.0	35.0	0.0	4.67
20	8	2017	29.0	35.0	0.0	4.33
21	8	2017	31.8	37.0	0.0	4.14
22	8	2017	27.8	37.0	0.0	5.28
23	8	2017	26.0	30.3	45.0	3.37
24	8	2017	28.6	33.0	0.0	3.59
25	8	2017	27.3	33.0	0.0	3.99
26	8	2017	25.0	35.0	5.0	5.36
27	8	2017	26.0	28.0	45.0	2.22
28	8	2017	25.0	28.0	11.0	2.68
29	8	2017	28.0	33.0	0.0	3.72
30	8	2017	29.0	34.0	0.0	3.76
31	8	2017	25.0	33.1	0.0	4.66
1	9	2017	26.0	33.0	0.0	4.3
2	9	2017	26.0	33.0	1.1	4.26
3	9	2017	26.0	32.0	2.0	3.91
4	9	2017	26.0	29.0	2.0	2.71
5	9	2017	28.0	32.0	0.0	3.26
6	9	2017	28.0	33.0	0.0	3.66
7	9	2017	27.7	32.0	0.4	3.3
8	9	2017	28.0	32.0	0.0	3.21
9	9	2017	26.9	32.0	28.0	3.56
10	9	2017	27.0	33.0	0.0	3.92
11	9	2017	28.0	33.0	0.0	3.64
12	9	2017	29.0	34.0	0.0	3.64
13	9	2017	28.6	35.0	0.0	4.1
14	9	2017	28.0	33.0	0.0	3.57
15	9	2017	28.9	32.0	0.0	2.79
16	9	2017	28.9	34.0	0.0	3.67
17	9	2017	28.0	35.0	0.0	4.29
18	9	2017	28.0	34.0	0.0	3.89
19	9	2017	28.0	33.0	0.0	3.48
20	9	2017	27.9	32.3	0.2	3.27
21	9	2017	28.3	32.0	4.0	2.98
22	9	2017	28.0	33.0	0.4	3.42
23	9	2017	29.0	33.2	0.6	3.16
24	9	2017	28.0	32.0	2.2	3.03
25	9	2017	28.7	33.0	0.0	3.17
26	9	2017	27.9	34.0	0.0	3.79
27	9	2017	27.9	34.0	0.0	3.81
28	9	2017	29.0	33.2	0.0	3.14
29	9	2017	27.0	34.0	0.0	4.02
30	9	2017	28.0	32.0	6.0	2.95
1	10	2017	28.0	32.5	2.0	3.16
2	10	2017	29.0	34.0	0.0	3.35
3	10	2017	29.0	34.0	0.0	3.35
4	10	2017	27.9	32.0	0.9	2.92
5	10	2017	28.0	32.0	0.0	2.9
6	10	2017	28.8	32.0	0.0	2.6
7	10	2017	28.0	34.0	0.0	3.56
8	10	2017	29.0	34.0	0.0	3.23
9	10	2017	29.5	34.0	0.0	3.09
10	10	2017	28.9	35.1	0.0	3.64
11	10	2017	28.7	34.0	0.0	3.34
12	10	2017	25.0	34.0	0.0	4.21
13	10	2017	24.0	31.0	0.0	3.48
14	10	2017	21.0	26.0	0.6	2.73
15	10	2017	21.0	28.0	1.4	3.28
16	10	2017	22.8	30.4	20.4	3.49
17	10	2017	24.0	28.0	0.0	2.5
18	10	2017	24.9	30.0	0.0	2.88
19	10	2017	23.0	28.0	0.0	2.72
20	10	2017	22.0	28.0	0.0	2.93
21	10	2017	20.9	27.0	0.0	2.9
22	10	2017	20.0	26.0	0.0	2.82
23	10	2017	23.0	28.0	0.0	2.63
24	10	2017	23.0	27.0	0.0	2.37
25	10	2017	23.0	28.0	0.0	2.64
26	10	2017	23.0	29.0	0.0	2.9
27	10	2017	24.0	29.0	0.0	2.68
28	10	2017	23.0	28.1	0.0	2.65
29	10	2017	21.8	28.2	0.0	2.92
30	10	2017	20.0	26.0	0.0	2.71
31	10	2017	21.0	25.0	0.0	2.16
1	11	2017	20.0	28.0	0.0	3.11
2	11	2017	22.0	28.3	0.0	2.82
3	11	2017	23.9	30.0	0.0	2.85
4	11	2017	21.0	27.0	0.0	2.71
5	11	2017	22.0	27.0	0.0	2.44
6	11	2017	20.8	26.0	3.0	2.42
7	11	2017	22.0	24.7	0.0	1.75
8	11	2017	23.6	27.0	0.2	2.01
9	11	2017	23.7	28.0	0.0	2.29
10	11	2017	24.7	29.0	0.0	2.33
11	11	2017	23.0	29.0	0.0	2.69
12	11	2017	22.0	25.0	5.0	1.77
13	11	2017	22.0	25.0	0.2	1.77
14	11	2017	23.8	27.1	0.0	1.93
15	11	2017	23.0	25.3	0.0	1.58
16	11	2017	23.0	29.0	0.0	2.59
17	11	2017	23.8	29.0	0.0	2.46
18	11	2017	18.0	27.0	0.1	3.0
19	11	2017	18.8	21.0	0.0	1.36
20	11	2017	16.0	19.4	0.0	1.6
21	11	2017	17.0	21.0	0.0	1.79
22	11	2017	15.0	22.0	0.0	2.32
23	11	2017	16.9	21.0	0.0	1.77
24	11	2017	16.0	20.0	0.0	1.69
25	11	2017	17.0	19.3	0.0	1.31
26	11	2017	18.6	23.0	0.0	1.88
27	11	2017	20.0	23.0	0.0	1.61
28	11	2017	22.4	25.0	0.0	1.58
29	11	2017	22.8	28.0	0.0	2.3
30	11	2017	20.0	26.0	0.0	2.36
1	12	2017	18.0	25.0	0.0	2.42
2	12	2017	19.0	22.2	0.0	1.6
3	12	2017	19.0	22.0	0.0	1.56
4	12	2017	18.0	22.1	0.0	1.79
5	12	2017	17.0	21.0	0.0	1.7
6	12	2017	18.0	22.7	0.0	1.88
7	12	2017	17.0	22.0	0.0	1.95
8	12	2017	13.0	21.0	0.0	2.29
9	12	2017	14.0	19.0	0.0	1.74
10	12	2017	17.0	21.0	0.0	1.71
11	12	2017	18.0	21.0	0.0	1.48
12	12	2017	18.9	21.5	0.0	1.38
13	12	2017	19.0	20.3	0.0	0.98
14	12	2017	19.0	22.2	0.0	1.56
15	12	2017	16.0	22.0	0.0	2.08
16	12	2017	11.8	17.0	0.0	1.66
17	12	2017	9.0	13.6	0.0	1.43
18	12	2017	10.0	16.0	0.0	1.72
19	12	2017	11.0	17.1	0.0	1.83
20	12	2017	13.0	19.0	0.0	1.89
21	12	2017	15.0	19.0	0.0	1.57
22	12	2017	18.0	21.4	0.0	1.55
23	12	2017	17.0	22.0	0.0	1.92
24	12	2017	17.0	23.4	0.0	2.22
25	12	2017	17.0	20.0	0.0	1.43
26	12	2017	17.0	22.6	0.0	1.99
27	12	2017	17.7	23.0	0.0	1.97
28	12	2017	18.0	21.0	0.0	1.48
29	12	2017	18.0	23.7	0.0	2.08
30	12	2017	17.0	24.0	0.0	2.33
31	12	2017	17.0	21.0	0.0	1.66
1	1	2018	16.7	20.0	0.0	1.49
2	1	2018	19.0	22.0	0.0	1.5
3	1	2018	19.0	25.0	0.0	2.22
4	1	2018	19.0	23.0	0.0	1.77
5	1	2018	17.0	22.1	0.4	1.94
6	1	2018	15.5	17.5	11.2	1.13
7	1	2018	18.0	20.0	0.8	1.21
8	1	2018	8.0	19.0	13.0	2.31
9	1	2018	7.5	12.0	4.0	1.38
10	1	2018	13.0	16.0	0.0	1.3
11	1	2018	11.0	17.5	0.0	1.94
12	1	2018	11.0	17.0	0.0	1.82
13	1	2018	12.0	17.0	0.0	1.69
14	1	2018	13.0	20.0	0.0	2.11
15	1	2018	15.0	19.0	0.0	1.66
16	1	2018	16.0	22.0	0.0	2.11
17	1	2018	17.0	24.0	0.0	2.42
18	1	2018	19.0	22.0	0.0	1.6
19	1	2018	18.7	21.0	0.0	1.39
20	1	2018	18.0	23.1	0.0	2.08
21	1	2018	17.5	22.2	0.0	1.97
22	1	2018	18.0	24.0	0.0	2.34
23	1	2018	17.7	22.0	0.0	1.93
24	1	2018	17.0	21.0	0.0	1.82
25	1	2018	17.7	21.0	0.0	1.65
26	1	2018	14.0	21.0	0.0	2.32
27	1	2018	17.0	18.0	0.0	0.88
28	1	2018	9.0	18.0	0.0	2.38
29	1	2018	7.0	10.0	0.1	1.14
30	1	2018	8.0	9.1	0.9	0.71
31	1	2018	6.0	9.2	7.0	1.19
1	2	2018	11.0	13.0	0.0	1.07
2	2	2018	9.0	12.0	0.0	1.26
3	2	2018	9.0	13.0	0.0	1.48
4	2	2018	8.0	12.0	0.0	1.45
5	2	2018	8.0	12.0	0.0	1.47
6	2	2018	10.0	16.0	0.0	1.98
7	2	2018	12.0	15.0	0.0	1.43
8	2	2018	14.0	18.0	0.0	1.75
9	2	2018	16.0	19.0	0.0	1.6
10	2	2018	15.0	22.0	0.0	2.54
11	2	2018	12.0	17.0	0.0	2.03
12	2	2018	12.0	18.0	0.0	2.19
13	2	2018	15.8	18.4	0.0	1.52
14	2	2018	17.0	21.6	0.0	2.19
15	2	2018	16.9	25.0	0.0	3.0
16	2	2018	18.0	26.0	0.0	3.1
17	2	2018	17.4	21.0	0.0	1.93
18	2	2018	18.0	22.0	0.0	2.12
19	2	2018	19.0	26.0	0.0	2.99
20	2	2018	20.0	25.0	0.0	2.53
21	2	2018	16.0	21.0	0.0	2.33
22	2	2018	12.0	17.0	1.0	2.04
23	2	2018	14.9	18.0	0.0	1.73
24	2	2018	18.8	20.3	0.0	1.32
25	2	2018	18.0	21.2	0.0	1.95
26	2	2018	16.3	20.0	0.0	2.02
27	2	2018	19.0	22.0	0.0	1.95
28	2	2018	19.0	26.0	0.0	3.12
1	3	2018	20.0	24.0	0.0	2.39
2	3	2018	22.4	26.6	0.0	2.54
3	3	2018	23.0	27.2	0.0	2.61
4	3	2018	23.8	26.0	0.2	1.93
5	3	2018	20.0	28.5	0.0	3.83
6	3	2018	18.0	22.0	0.0	2.3
7	3	2018	14.0	23.3	1.0	3.56
8	3	2018	11.0	14.0	5.0	1.64
9	3	2018	14.0	19.3	0.0	2.38
10	3	2018	15.8	20.0	0.0	2.26
11	3	2018	17.6	22.0	0.0	2.46
12	3	2018	19.0	24.0	0.0	2.74
13	3	2018	20.0	25.0	0.0	2.85
14	3	2018	20.0	23.0	1.0	2.16
15	3	2018	20.0	25.0	0.0	2.86
16	3	2018	20.0	26.0	0.0	3.17
17	3	2018	19.7	22.0	0.0	1.87
18	3	2018	21.8	27.0	0.0	3.01
19	3	2018	20.0	26.0	0.0	3.3
20	3	2018	14.0	21.6	0.0	3.24
21	3	2018	15.0	23.6	0.0	3.51
22	3	2018	17.0	22.0	0.0	2.76
23	3	2018	19.7	25.0	0.0	2.98
24	3	2018	21.0	25.0	0.0	2.67
25	3	2018	20.0	26.0	0.0	3.27
26	3	2018	21.0	27.0	0.0	3.38
27	3	2018	21.0	26.0	0.0	3.07
28	3	2018	20.8	26.0	0.0	3.15
29	3	2018	20.9	26.0	0.0	3.15
30	3	2018	21.9	27.0	0.0	3.22
31	3	2018	21.0	29.0	0.0	4.03
1	4	2018	20.9	27.0	0.0	3.53
2	4	2018	22.0	28.5	0.0	3.72
3	4	2018	22.0	28.3	0.0	3.68
4	4	2018	22.4	28.0	0.0	3.47
5	4	2018	22.0	29.0	0.0	3.89
6	4	2018	15.8	27.0	2.0	4.36
7	4	2018	14.9	20.7	0.0	3.0
8	4	2018	19.0	24.0	0.0	2.99
9	4	2018	21.7	26.5	0.0	3.14
10	4	2018	23.0	27.0	0.0	2.97
11	4	2018	24.0	28.0	0.0	3.05
12	4	2018	25.0	30.0	0.0	3.49
13	4	2018	25.0	29.1	0.0	3.2
14	4	2018	20.0	29.0	0.0	4.62
15	4	2018	17.0	21.0	30.4	2.63
16	4	2018	16.7	18.0	0.3	1.42
17	4	2018	18.0	22.0	0.5	2.77
18	4	2018	21.7	26.4	0.0	3.18
19	4	2018	22.9	27.4	0.0	3.23
20	4	2018	23.0	27.0	0.0	3.04
21	4	2018	24.0	29.1	0.0	3.55
22	4	2018	25.0	29.1	0.0	3.23
23	4	2018	25.4	29.0	0.0	3.08
24	4	2018	23.0	27.0	14.1	3.09
25	4	2018	23.0	24.7	0.8	1.96
26	4	2018	23.0	25.0	0.0	2.16
27	4	2018	24.0	28.1	0.0	3.22
28	4	2018	24.0	28.8	0.0	3.47
29	4	2018	24.9	29.0	0.0	3.27
30	4	2018	25.9	30.0	0.0	3.34
1	5	2018	25.9	30.3	0.1	3.49
2	5	2018	26.0	32.0	0.0	4.17
3	5	2018	23.0	32.0	0.0	4.88
4	5	2018	24.0	27.4	0.0	2.93
5	5	2018	26.0	30.2	0.0	3.42
6	5	2018	27.6	31.9	0.0	3.56
7	5	2018	24.0	32.0	22.0	4.8
8	5	2018	25.0	27.0	3.0	2.29
9	5	2018	23.0	27.0	8.0	3.15
10	5	2018	23.0	26.6	0.0	2.96
11	5	2018	25.0	28.0	0.0	2.79
12	5	2018	25.9	31.0	0.0	3.82
13	5	2018	26.7	31.6	0.0	3.82
14	5	2018	27.8	32.0	0.0	3.6
15	5	2018	26.8	31.0	0.0	3.55
16	5	2018	27.5	32.0	0.0	3.71
17	5	2018	28.6	33.0	0.0	3.73
18	5	2018	28.7	34.0	0.0	4.15
19	5	2018	28.0	35.0	0.0	4.79
20	5	2018	28.0	35.0	0.0	4.78
21	5	2018	28.0	34.0	0.0	4.39
22	5	2018	28.0	35.0	0.0	4.77
23	5	2018	28.0	35.0	0.0	4.83
24	5	2018	28.0	34.0	0.0	4.41
25	5	2018	29.3	34.0	0.0	3.95
26	5	2018	29.0	34.0	0.0	4.1
27	5	2018	28.0	34.0	0.0	4.42
28	5	2018	29.0	34.0	0.0	4.1
29	5	2018	29.8	35.0	0.0	4.25
30	5	2018	30.0	36.0	0.0	4.57
31	5	2018	29.0	36.0	0.0	4.91
1	6	2018	28.0	34.0	0.0	4.44
2	6	2018	28.0	34.0	0.0	4.4
3	6	2018	27.0	33.0	0.0	4.4
4	6	2018	26.7	31.9	6.0	4.02
5	6	2018	27.0	30.3	8.0	3.15
6	6	2018	26.0	29.0	45.0	2.97
7	6	2018	27.0	29.0	46.0	2.42
8	6	2018	25.0	29.0	33.0	3.43
9	6	2018	28.0	32.0	0.0	3.53
10	6	2018	28.0	33.1	0.0	4.12
11	6	2018	29.0	34.0	0.0	4.09
12	6	2018	26.0	30.7	34.0	3.69
13	6	2018	26.0	29.0	1.0	2.93
14	6	2018	26.0	29.0	0.0	2.94
15	6	2018	26.8	29.2	0.0	2.67
16	6	2018	27.0	32.2	0.0	4.04
17	6	2018	27.7	33.0	0.0	4.11
18	6	2018	28.0	33.0	0.0	4.01
19	6	2018	28.9	34.0	0.5	4.06
20	6	2018	29.0	33.4	0.0	3.82
21	6	2018	29.0	33.0	0.0	3.65
22	6	2018	25.0	31.1	58.0	4.28
23	6	2018	26.0	31.0	18.0	3.84
24	6	2018	27.0	32.0	0.3	3.96
25	6	2018	27.7	30.0	5.0	2.64
26	6	2018	27.7	32.0	0.6	3.7
27	6	2018	28.0	32.0	0.0	3.57
28	6	2018	28.9	33.5	0.0	3.89
29	6	2018	29.0	33.1	0.0	3.68
30	6	2018	29.0	33.4	0.0	3.83
1	7	2018	29.9	33.0	0.0	3.22
2	7	2018	28.0	33.0	6.0	4.01
3	7	2018	28.6	32.0	6.0	3.32
4	7	2018	29.8	34.0	0.0	3.75
5	7	2018	28.0	32.2	3.0	3.68
6	7	2018	29.0	33.0	0.0	3.63
7	7	2018	28.0	32.3	0.0	3.71
8	7	2018	28.0	32.0	7.0	3.58
9	7	2018	28.0	34.0	0.6	4.36
10	7	2018	27.0	34.0	6.0	4.72
11	7	2018	29.0	34.0	0.0	4.04
12	7	2018	26.0	34.0	0.0	5.09
13	7	2018	26.0	28.2	9.0	2.49
14	7	2018	26.0	29.2	29.0	3.02
15	7	2018	25.7	28.0	14.6	2.53
16	7	2018	27.7	32.0	0.4	3.63
17	7	2018	26.9	35.4	4.0	5.25
18	7	2018	27.4	31.3	5.0	3.44
19	7	2018	26.8	31.0	4.6	3.54
20	7	2018	27.0	32.0	0.0	3.94
21	7	2018	28.0	34.0	0.0	4.36
22	7	2018	28.0	32.2	0.0	3.6
23	7	2018	27.0	32.0	4.0	3.89
24	7	2018	27.7	31.0	2.9	3.18
25	7	2018	28.0	33.0	0.0	4.0
26	7	2018	28.0	33.0	1.0	3.94
27	7	2018	28.4	32.0	0.0	3.35
28	7	2018	27.4	33.3	0.0	4.29
29	7	2018	27.9	33.0	0.0	3.98
30	7	2018	29.0	33.1	0.0	3.61
31	7	2018	29.0	34.0	0.0	3.99
1	8	2018	29.0	33.0	0.6	3.54
2	8	2018	28.7	33.0	0.0	3.7
3	8	2018	28.7	33.1	0.0	3.72
4	8	2018	29.0	34.0	0.0	3.98
5	8	2018	29.0	34.0	0.0	3.99
6	8	2018	28.4	33.0	0.0	3.77
7	8	2018	27.0	33.9	2.0	4.53
8	8	2018	29.0	35.3	0.0	4.53
9	8	2018	26.0	35.0	0.0	5.33
10	8	2018	26.1	30.0	10.0	3.27
11	8	2018	26.7	29.0	21.0	2.5
12	8	2018	26.6	29.0	19.0	2.54
13	8	2018	27.0	34.0	3.0	4.56
14	8	2018	27.0	31.0	11.0	3.34
15	8	2018	27.0	32.0	1.0	3.77
16	8	2018	27.0	30.4	1.0	3.05
17	8	2018	26.0	29.0	20.4	2.82
18	8	2018	27.0	32.1	0.0	3.8
19	8	2018	26.0	32.0	0.8	4.1
20	8	2018	26.0	31.0	20.0	3.68
21	8	2018	28.0	32.0	0.0	3.34
22	8	2018	25.0	33.0	26.0	4.68
23	8	2018	26.6	32.0	3.0	3.84
24	8	2018	28.0	33.2	0.0	3.89
25	8	2018	29.0	34.0	0.0	3.84
26	8	2018	25.6	33.0	11.0	4.49
27	8	2018	25.0	30.0	35.0	3.55
28	8	2018	26.0	30.0	9.0	3.18
29	8	2018	26.0	30.0	12.0	3.21
30	8	2018	28.0	30.0	1.2	2.29
31	8	2018	28.0	30.0	1.7	2.27
1	9	2018	25.8	28.1	62.0	2.32
2	9	2018	25.0	30.0	24.0	3.5
3	9	2018	27.7	30.3	0.7	2.57
4	9	2018	27.9	32.8	0.0	3.64
5	9	2018	28.5	33.6	0.0	3.74
6	9	2018	28.0	33.1	0.0	3.71
7	9	2018	27.0	32.8	5.0	3.88
8	9	2018	26.0	30.0	0.0	3.12
9	9	2018	25.9	30.2	0.0	3.2
10	9	2018	25.5	30.0	0.0	3.24
11	9	2018	27.9	31.2	0.0	2.88
12	9	2018	26.0	31.0	2.0	3.45
13	9	2018	27.0	32.0	0.0	3.49
14	9	2018	27.0	33.0	0.0	3.86
15	9	2018	30.0	36.0	0.0	4.14
16	9	2018	26.0	28.2	145.0	2.19
17	9	2018	28.0	28.0	0.0	0.0
18	9	2018	26.0	29.0	0.0	2.58
19	9	2018	27.0	32.0	0.0	3.44
20	9	2018	27.0	32.0	0.0	3.43
21	9	2018	27.0	32.1	0.0	3.45
22	9	2018	27.7	32.0	0.0	3.17
23	9	2018	27.0	32.0	0.0	3.36
24	9	2018	26.0	26.6	0.0	1.09
25	9	2018	26.5	31.0	0.0	3.12
26	9	2018	26.0	30.0	0.0	2.88
27	9	2018	26.0	29.7	0.0	2.76
28	9	2018	24.6	29.2	0.0	3.02
29	9	2018	25.9	30.5	0.0	3.07
30	9	2018	25.8	30.1	0.0	2.95
1	10	2018	24.5	30.0	0.0	3.29
2	10	2018	25.0	31.0	0.0	3.41
3	10	2018	23.6	30.0	0.0	3.45
4	10	2018	24.6	31.0	0.0	3.53
5	10	2018	23.0	30.0	0.0	3.6
6	10	2018	25.0	29.0	0.0	2.71
7	10	2018	25.0	30.5	0.0	3.18
8	10	2018	25.8	31.0	0.0	3.1
9	10	2018	25.0	30.0	0.0	2.99
10	10	2018	22.0	29.0	4.0	3.3
11	10	2018	21.8	24.0	0.0	1.79
12	10	2018	23.0	26.0	0.4	2.15
13	10	2018	24.9	28.0	0.0	2.26
14	10	2018	25.0	28.5	0.0	2.4
15	10	2018	23.0	30.0	0.0	3.43
16	10	2018	23.0	25.0	0.0	1.7
17	10	2018	20.0	24.0	0.5	2.3
18	10	2018	21.0	25.0	2.0	2.35
19	10	2018	24.0	28.0	0.0	2.46
20	10	2018	23.6	26.0	0.0	1.87
21	10	2018	24.0	29.2	0.0	2.8
22	10	2018	24.6	29.0	0.0	2.57
23	10	2018	23.8	27.0	0.1	2.16
24	10	2018	25.0	27.2	0.0	1.79
25	10	2018	23.0	29.0	0.0	2.93
26	10	2018	24.0	29.0	0.0	2.71
27	10	2018	21.0	28.1	0.0	3.11
28	10	2018	22.0	27.0	0.0	2.56
29	10	2018	23.0	30.0	0.0	3.14
30	10	2018	23.0	29.1	0.0	2.91
31	10	2018	24.0	28.0	0.0	2.33
1	11	2018	21.0	28.0	0.2	2.94
2	11	2018	19.1	22.0	0.0	1.74
3	11	2018	20.0	24.0	0.0	2.11
4	11	2018	24.0	27.0	0.0	1.92
5	11	2018	23.6	29.1	0.0	2.64
6	11	2018	23.7	29.3	0.0	2.69
7	11	2018	24.0	30.0	0.0	2.79
8	11	2018	22.0	25.1	0.0	1.88
9	11	2018	24.0	28.9	0.0	2.42
10	11	2018	22.7	27.0	0.0	2.23
11	11	2018	24.0	28.0	0.0	2.17
12	11	2018	23.0	28.1	0.0	2.46
13	11	2018	23.0	26.5	0.0	1.99
14	11	2018	23.0	26.5	0.0	1.97
15	11	2018	23.5	26.0	0.0	1.66
16	11	2018	25.0	27.0	0.0	1.51
22	11	2018	19.0	19.0	0.0	0.0
23	11	2018	20.6	23.0	0.0	1.46
24	11	2018	21.0	25.0	0.0	1.93
25	11	2018	17.0	22.0	12.0	1.94
26	11	2018	20.0	22.0	0.7	1.28
27	11	2018	19.0	23.0	6.0	1.8
28	11	2018	20.0	22.2	0.0	1.36
29	11	2018	21.0	26.0	0.0	2.13
30	11	2018	21.8	26.0	0.0	1.97
1	12	2018	21.8	27.2	0.0	2.26
2	12	2018	22.0	27.0	0.0	2.17
3	12	2018	22.0	27.2	0.0	2.25
4	12	2018	23.9	28.0	0.0	2.03
5	12	2018	22.0	27.0	0.0	2.16
6	12	2018	21.0	27.0	0.0	2.39
7	12	2018	15.0	21.3	3.0	2.07
8	12	2018	14.9	19.0	0.0	1.59
9	12	2018	13.0	15.0	0.2	1.05
10	12	2018	14.0	17.0	0.0	1.35
11	12	2018	12.0	18.2	0.0	1.91
12	12	2018	12.0	14.3	0.0	1.07
13	12	2018	14.0	16.1	0.0	1.08
14	12	2018	14.9	18.0	0.0	1.37
15	12	2018	17.0	21.0	0.0	1.68
16	12	2018	15.0	19.0	0.2	1.6
17	12	2018	14.0	21.0	0.0	2.12
18	12	2018	19.0	22.0	0.0	1.48
19	12	2018	21.0	23.5	0.0	1.41
20	12	2018	22.0	27.0	0.0	2.11
21	12	2018	20.0	28.0	0.0	2.65
22	12	2018	22.0	25.1	0.0	1.66
23	12	2018	16.0	23.0	5.0	2.2
24	12	2018	16.0	19.0	0.1	1.4
25	12	2018	18.0	21.0	0.0	1.49
26	12	2018	20.0	24.0	0.0	1.8
27	12	2018	17.0	22.7	0.0	2.06
28	12	2018	13.0	20.5	0.0	2.17
29	12	2018	10.0	15.0	0.0	1.54
30	12	2018	10.0	13.0	0.0	1.16
31	12	2018	10.0	12.1	0.0	0.96
1	1	2019	11.0	15.0	0.0	1.41
2	1	2019	12.0	15.0	0.0	1.27
3	1	2019	13.0	18.0	0.0	1.73
4	1	2019	17.0	20.0	0.0	1.44
5	1	2019	16.0	19.0	0.0	1.43
6	1	2019	17.0	20.0	0.0	1.45
7	1	2019	18.0	20.0	0.0	1.2
8	1	2019	16.0	20.0	0.0	1.67
9	1	2019	16.7	22.0	0.0	1.99
10	1	2019	18.7	22.0	0.0	1.63
11	1	2019	19.0	25.0	0.0	2.24
12	1	2019	18.0	22.0	0.0	1.8
13	1	2019	18.0	21.1	0.0	1.57
14	1	2019	17.5	21.0	0.0	1.67
15	1	2019	16.0	21.0	0.1	1.97
16	1	2019	14.0	17.1	0.0	1.42
17	1	2019	14.0	19.1	0.0	1.87
18	1	2019	17.5	18.4	0.0	0.82
19	1	2019	19.0	22.0	0.0	1.6
20	1	2019	17.0	24.0	0.0	2.47
21	1	2019	13.0	19.0	0.0	2.06
22	1	2019	12.0	18.1	0.0	2.02
23	1	2019	15.0	19.0	0.0	1.69
24	1	2019	16.0	21.0	0.0	1.99
25	1	2019	17.0	23.0	0.0	2.29
26	1	2019	16.0	22.0	0.0	2.24
27	1	2019	16.0	20.1	0.0	1.8
28	1	2019	16.0	22.0	0.0	2.26
29	1	2019	17.0	23.0	0.0	2.34
30	1	2019	19.0	23.0	0.0	1.97
31	1	2019	17.0	24.6	0.0	2.79
1	2	2019	17.0	20.0	0.0	1.61
2	2	2019	19.0	23.0	0.0	1.98
3	2	2019	19.0	26.0	0.0	2.75
4	2	2019	19.0	25.0	0.0	2.55
5	2	2019	21.0	25.2	0.0	2.16
6	2	2019	22.0	25.1	0.0	1.92
7	2	2019	21.7	27.0	0.0	2.55
8	2	2019	19.6	26.2	0.0	2.78
9	2	2019	18.0	23.0	0.0	2.32
10	2	2019	18.0	21.0	0.0	1.75
11	2	2019	16.0	18.0	0.1	1.34
12	2	2019	19.0	22.0	0.0	1.79
13	2	2019	19.0	24.0	0.0	2.42
14	2	2019	19.0	26.0	0.0	2.91
15	2	2019	20.8	24.2	0.0	2.03
16	2	2019	19.0	28.0	0.0	3.42
17	2	2019	18.0	21.8	0.0	2.04
18	2	2019	17.5	21.0	11.0	1.96
19	2	2019	20.7	26.0	21.5	2.67
20	2	2019	20.9	25.3	0.0	2.48
21	2	2019	16.9	26.0	0.0	3.45
22	2	2019	18.0	22.0	0.0	2.18
23	2	2019	13.0	19.2	3.6	2.43
24	2	2019	14.0	18.0	0.0	1.96
25	2	2019	16.0	18.0	0.0	1.43
26	2	2019	19.0	22.0	0.0	1.93
27	2	2019	21.0	26.0	0.0	2.68
28	2	2019	20.0	26.5	0.0	3.12
1	3	2019	21.0	24.0	0.0	2.06
2	3	2019	22.5	27.0	0.0	2.64
3	3	2019	19.7	23.0	2.0	2.13
4	3	2019	19.0	24.4	18.0	2.78
5	3	2019	22.0	27.0	0.0	2.88
6	3	2019	18.0	22.0	54.0	2.33
7	3	2019	16.0	18.1	19.0	1.56
8	3	2019	17.9	18.3	0.0	0.7
9	3	2019	17.0	20.0	0.5	1.92
10	3	2019	15.3	18.0	2.0	1.79
11	3	2019	16.0	21.0	0.0	2.54
12	3	2019	19.8	23.0	0.0	2.2
13	3	2019	21.0	25.0	0.0	2.56
14	3	2019	18.0	22.0	7.0	2.4
15	3	2019	18.0	19.0	0.1	1.16
16	3	2019	20.6	24.0	0.0	2.33
17	3	2019	20.0	25.0	0.0	2.87
18	3	2019	21.0	24.0	0.0	2.26
19	3	2019	23.0	28.0	0.0	3.07
20	3	2019	23.0	27.0	0.0	2.78
21	3	2019	24.0	28.4	0.0	3.02
22	3	2019	21.0	28.0	0.0	3.75
23	3	2019	15.0	22.0	1.1	3.15
24	3	2019	17.0	20.0	0.6	2.08
25	3	2019	20.0	22.0	0.0	1.8
26	3	2019	21.0	26.0	0.0	3.05
27	3	2019	22.0	26.1	0.0	2.82
28	3	2019	23.0	27.5	0.0	3.06
29	3	2019	23.0	28.0	0.0	3.23
30	3	2019	22.0	25.0	0.0	2.44
31	3	2019	20.6	25.0	0.0	2.86
1	4	2019	19.5	22.0	0.0	2.08
2	4	2019	21.8	25.0	0.0	2.48
3	4	2019	21.0	28.0	0.0	3.81
4	4	2019	22.0	26.0	0.0	2.82
5	4	2019	22.2	28.0	0.0	3.53
6	4	2019	24.0	29.3	0.0	3.5
7	4	2019	25.0	30.0	0.0	3.46
8	4	2019	25.9	30.0	0.0	3.15
9	4	2019	26.0	29.0	0.0	2.72
10	4	2019	26.0	31.0	0.0	3.58
11	4	2019	23.0	31.0	0.9	4.44
12	4	2019	21.8	24.1	7.0	2.15
13	4	2019	22.0	24.0	0.4	2.03
14	4	2019	23.0	26.6	3.0	2.8
15	4	2019	20.0	26.0	0.0	3.52
16	4	2019	21.0	23.2	9.0	2.12
17	4	2019	23.6	27.0	0.0	2.79
18	4	2019	24.0	28.0	4.0	3.09
19	4	2019	22.0	30.0	0.1	4.32
20	4	2019	22.6	28.0	11.0	3.62
21	4	2019	27.0	30.0	0.0	2.87
22	4	2019	26.0	30.0	0.0	3.32
23	4	2019	26.0	31.0	0.0	3.73
24	4	2019	27.0	31.0	0.0	3.35
25	4	2019	27.0	32.0	0.0	3.82
26	4	2019	25.6	31.6	0.0	4.1
27	4	2019	22.5	28.0	0.0	3.66
28	4	2019	24.0	29.0	0.0	3.59
29	4	2019	27.0	29.8	0.0	2.78
30	4	2019	24.0	30.0	0.0	3.97
1	5	2019	21.8	26.1	0.7	3.18
2	5	2019	20.0	25.0	1.0	3.29
3	5	2019	21.0	24.5	0.0	2.83
4	5	2019	21.0	25.0	5.1	2.97
5	5	2019	22.0	23.3	5.0	1.71
6	5	2019	20.0	24.2	4.0	3.02
7	5	2019	20.0	23.0	0.0	2.49
8	5	2019	20.4	22.0	3.7	1.82
9	5	2019	22.0	27.0	0.0	3.47
10	5	2019	24.0	27.0	0.0	2.74
11	5	2019	24.0	29.0	0.0	3.67
12	5	2019	25.0	30.0	0.0	3.73
13	5	2019	25.5	29.4	0.0	3.29
14	5	2019	27.0	30.0	0.0	2.97
15	5	2019	28.8	31.0	0.0	2.62
19	5	2019	30.0	30.0	0.0	0.0
20	5	2019	25.0	33.0	0.1	4.89
21	5	2019	23.0	28.0	7.0	3.61
22	5	2019	26.8	30.0	0.0	3.04
23	5	2019	25.0	30.0	0.0	3.73
24	5	2019	26.0	28.3	0.0	2.53
25	5	2019	26.7	30.2	1.0	3.24
26	5	2019	25.0	29.0	13.0	3.4
27	5	2019	25.0	28.9	28.0	3.28
28	5	2019	24.0	28.1	54.0	3.34
29	5	2019	24.0	27.0	0.3	2.8
30	5	2019	25.0	27.0	0.0	2.3
31	5	2019	25.6	28.0	19.0	2.58
1	6	2019	26.0	32.0	7.0	4.25
2	6	2019	26.0	31.3	0.0	3.96
3	6	2019	25.0	31.0	0.8	4.28
4	6	2019	26.0	32.0	0.1	4.28
5	6	2019	28.9	32.0	0.0	3.16
6	6	2019	29.0	33.0	0.0	3.61
7	6	2019	29.0	33.0	0.0	3.64
8	6	2019	29.0	33.0	0.0	3.64
9	6	2019	29.7	32.8	3.0	3.2
10	6	2019	26.0	32.5	0.1	4.54
11	6	2019	25.6	30.0	2.6	3.57
12	6	2019	27.8	32.0	2.0	3.64
13	6	2019	26.0	31.5	38.0	4.05
14	6	2019	26.0	32.0	0.0	4.32
15	6	2019	27.0	32.3	0.0	4.08
16	6	2019	27.8	31.1	0.0	3.19
17	6	2019	28.0	31.3	0.8	3.2
18	6	2019	28.0	32.0	19.0	3.56
19	6	2019	29.0	33.0	0.0	3.62
20	6	2019	29.7	33.0	0.0	3.33
21	6	2019	29.8	34.0	0.0	3.79
22	6	2019	30.0	34.0	0.0	3.69
23	6	2019	29.6	32.4	0.4	3.06
24	6	2019	25.0	32.0	11.0	4.58
25	6	2019	26.0	31.0	2.0	3.87
26	6	2019	28.8	32.0	0.0	3.21
27	6	2019	29.0	34.0	0.0	4.11
28	6	2019	28.6	33.0	0.4	3.84
29	6	2019	28.0	33.0	12.0	4.06
30	6	2019	27.8	33.0	0.0	4.07
1	7	2019	29.0	34.2	0.1	4.19
2	7	2019	25.9	33.0	43.0	4.69
3	7	2019	27.0	30.0	10.0	3.01
4	7	2019	28.0	32.0	2.0	3.54
5	7	2019	29.0	33.0	0.3	3.59
6	7	2019	29.0	33.0	0.0	3.62
7	7	2019	29.0	32.0	0.5	3.11
8	7	2019	29.7	32.2	0.1	2.87
9	7	2019	29.0	32.9	0.1	3.56
10	7	2019	26.0	30.0	4.0	3.44
11	7	2019	28.0	32.0	0.0	3.55
12	7	2019	29.0	33.0	0.0	3.63
13	7	2019	29.0	33.0	0.0	3.61
14	7	2019	29.0	33.3	0.0	3.75
15	7	2019	28.0	35.0	0.0	4.8
16	7	2019	29.0	34.1	0.0	4.11
17	7	2019	31.0	35.0	0.0	3.71
18	7	2019	30.0	36.0	0.0	4.55
19	7	2019	28.0	34.0	0.4	4.37
20	7	2019	26.0	33.0	9.0	4.55
21	7	2019	28.5	32.3	0.0	3.46
22	7	2019	27.0	31.0	0.8	3.47
23	7	2019	28.6	33.0	0.0	3.74
24	7	2019	28.0	32.6	2.5	3.81
25	7	2019	29.0	34.0	0.0	4.02
26	7	2019	29.0	34.3	0.0	4.18
27	7	2019	29.6	35.0	0.0	4.23
28	7	2019	28.4	31.6	29.0	3.09
29	7	2019	28.0	33.0	0.0	3.94
30	7	2019	26.0	33.0	3.0	4.62
31	7	2019	25.7	28.0	56.0	2.49
1	8	2019	25.2	28.1	84.0	2.8
2	8	2019	26.0	31.0	1.0	3.77
3	8	2019	27.0	30.0	1.0	2.9
4	8	2019	27.0	32.0	0.0	3.84
5	8	2019	29.0	33.2	0.0	3.65
6	8	2019	28.9	33.0	0.2	3.56
7	8	2019	27.0	33.0	0.0	4.32
8	8	2019	27.6	35.0	23.0	4.84
9	8	2019	29.9	35.2	0.0	4.19
10	8	2019	29.7	34.4	0.0	3.86
11	8	2019	29.8	34.2	0.0	3.72
12	8	2019	29.8	35.0	0.0	4.05
13	8	2019	27.8	34.4	0.0	4.57
14	8	2019	28.0	34.0	0.0	4.31
15	8	2019	29.0	33.6	0.3	3.72
16	8	2019	27.0	34.0	54.0	4.57
17	8	2019	28.0	31.4	10.0	3.11
18	8	2019	26.0	32.1	0.7	4.07
19	8	2019	28.9	33.0	0.0	3.46
20	8	2019	26.0	32.7	0.0	4.4
21	8	2019	27.0	34.0	0.0	4.48
22	8	2019	29.0	34.0	0.0	3.84
23	8	2019	27.6	31.3	11.0	3.21
24	8	2019	26.6	35.0	0.9	5.12
25	8	2019	24.0	31.1	52.0	4.24
26	8	2019	27.0	31.0	31.0	3.23
27	8	2019	27.5	32.0	0.0	3.55
28	8	2019	29.0	34.0	0.0	3.82
29	8	2019	26.0	32.0	3.1	4.02
30	8	2019	25.4	29.3	15.0	3.12
31	8	2019	27.8	32.0	0.5	3.3
1	9	2019	27.0	32.4	6.0	3.77
2	9	2019	26.6	29.0	21.3	2.43
3	9	2019	26.0	32.0	26.3	3.92
4	9	2019	26.0	30.1	4.0	3.19
5	9	2019	27.0	32.0	0.5	3.59
6	9	2019	27.9	33.6	0.0	3.92
7	9	2019	28.3	34.0	0.0	3.95
8	9	2019	28.0	34.0	0.0	4.06
9	9	2019	29.0	33.1	0.0	3.32
10	9	2019	28.4	34.0	0.0	3.87
11	9	2019	28.0	33.0	0.3	3.62
12	9	2019	29.0	34.0	0.0	3.65
13	9	2019	29.0	33.0	0.0	3.22
14	9	2019	26.2	32.0	0.0	3.8
15	9	2019	26.9	33.0	0.0	3.89
16	9	2019	27.0	31.0	4.0	3.09
17	9	2019	26.0	31.1	0.0	3.41
18	9	2019	26.0	32.1	0.0	3.78
19	9	2019	26.0	32.0	0.0	3.75
20	9	2019	27.0	33.0	0.0	3.8
21	9	2019	27.0	32.0	0.0	3.4
22	9	2019	25.0	31.0	0.0	3.64
23	9	2019	25.7	32.0	0.0	3.71
24	9	2019	25.0	31.3	0.0	3.64
25	9	2019	25.0	30.9	0.0	3.51
26	9	2019	25.0	31.0	0.0	3.54
27	9	2019	25.0	31.0	0.0	3.54
28	9	2019	26.0	31.0	0.0	3.24
29	9	2019	27.0	33.0	0.0	3.61
30	9	2019	28.0	34.0	0.0	3.71
1	10	2019	28.0	34.0	0.0	3.68
2	10	2019	27.0	33.0	0.0	3.59
3	10	2019	26.0	32.0	0.0	3.52
4	10	2019	25.9	32.3	0.0	3.57
5	10	2019	28.0	33.0	0.0	3.24
6	10	2019	24.0	30.0	19.0	3.26
7	10	2019	26.0	30.7	0.4	3.0
8	10	2019	27.0	32.1	0.0	3.18
9	10	2019	27.0	32.0	0.0	3.11
10	10	2019	26.0	31.0	0.0	3.04
11	10	2019	26.8	32.0	0.0	3.16
12	10	2019	25.0	32.0	0.0	3.64
13	10	2019	24.3	29.7	0.2	3.05
14	10	2019	25.0	29.0	0.0	2.58
15	10	2019	24.8	30.1	0.3	2.98
16	10	2019	24.0	29.2	0.0	2.91
17	10	2019	25.0	30.0	0.0	2.86
18	10	2019	24.0	29.0	0.0	2.82
19	10	2019	25.0	29.0	0.0	2.52
20	10	2019	23.0	28.0	0.0	2.74
21	10	2019	23.0	28.0	0.0	2.71
22	10	2019	23.8	29.0	0.0	2.77
23	10	2019	25.0	29.0	0.0	2.46
24	10	2019	25.0	30.0	0.0	2.76
25	10	2019	25.2	30.0	0.0	2.7
26	10	2019	24.0	30.0	0.0	2.97
27	10	2019	24.9	28.0	0.0	2.09
28	10	2019	20.0	28.2	0.0	3.21
29	10	2019	21.0	25.1	0.0	2.25
30	10	2019	23.0	27.1	0.0	2.31
31	10	2019	24.6	28.0	0.0	2.14
1	11	2019	24.0	30.7	0.0	3.04
2	11	2019	24.0	29.0	0.0	2.58
3	11	2019	23.9	30.4	0.0	2.99
4	11	2019	22.0	29.1	0.0	3.05
5	11	2019	22.7	28.0	0.0	2.53
6	11	2019	22.0	27.0	0.0	2.41
7	11	2019	21.0	27.5	0.0	2.8
8	11	2019	20.0	27.1	0.0	2.83
9	11	2019	20.9	27.0	0.0	2.58
10	11	2019	19.9	26.4	0.0	2.62
11	11	2019	22.0	27.0	0.0	2.37
12	11	2019	22.7	27.0	0.0	2.19
13	11	2019	21.0	27.0	0.0	2.62
14	11	2019	21.0	26.0	0.0	2.27
15	11	2019	21.0	26.0	0.0	2.29
16	11	2019	21.8	27.0	0.0	2.33
17	11	2019	21.9	27.0	0.0	2.34
18	11	2019	17.0	28.0	0.0	3.32
19	11	2019	19.0	23.0	0.0	1.88
20	11	2019	19.8	24.0	0.0	1.94
21	11	2019	19.0	25.0	0.0	2.36
22	11	2019	21.0	26.0	0.0	2.22
23	11	2019	20.0	27.0	0.0	2.61
24	11	2019	23.0	27.0	0.0	2.04
25	11	2019	21.0	29.3	0.0	2.93
26	11	2019	21.0	24.4	0.0	1.77
27	11	2019	18.0	26.0	0.0	2.74
28	11	2019	16.0	23.0	0.0	2.32
29	11	2019	17.0	22.0	0.0	1.98
30	11	2019	19.0	24.0	0.0	2.04
1	12	2019	15.0	25.0	0.0	2.85
2	12	2019	13.7	19.0	0.0	1.85
3	12	2019	14.0	20.0	0.0	1.97
4	12	2019	17.0	21.1	0.0	1.72
5	12	2019	15.0	17.0	0.0	1.1
6	12	2019	13.0	20.0	0.0	2.13
7	12	2019	14.0	21.0	0.0	2.13
8	12	2019	14.0	19.2	0.0	1.79
9	12	2019	15.0	22.0	0.0	2.17
10	12	2019	15.9	22.0	0.0	2.06
11	12	2019	17.6	23.0	0.0	2.0
12	12	2019	18.8	23.1	0.0	1.81
13	12	2019	18.0	24.0	0.0	2.14
14	12	2019	18.7	24.0	0.0	2.03
15	12	2019	20.7	22.0	0.0	1.01
16	12	2019	21.0	24.0	0.0	1.59
17	12	2019	21.9	26.0	0.0	1.91
18	12	2019	19.6	27.0	0.0	2.51
19	12	2019	17.0	23.0	0.0	2.07
20	12	2019	16.9	21.0	0.0	1.69
21	12	2019	19.7	21.0	0.0	0.98
22	12	2019	18.0	23.0	0.0	1.95
23	12	2019	19.6	23.2	0.0	1.69
24	12	2019	19.3	24.2	0.0	1.98
25	12	2019	20.0	24.0	0.0	1.78
26	12	2019	15.0	24.0	0.0	2.58
27	12	2019	17.0	20.2	0.0	1.47
28	12	2019	18.0	20.0	0.0	1.2
29	12	2019	17.0	21.0	3.0	1.68
30	12	2019	20.6	24.0	0.0	1.67
31	12	2019	17.9	21.0	0.1	1.5
1	1	2020	17.9	20.3	0.0	1.3
2	1	2020	17.0	21.0	0.0	1.67
3	1	2020	17.0	24.0	0.0	2.31
4	1	2020	19.0	23.0	0.0	1.78
5	1	2020	20.5	24.0	0.0	1.72
6	1	2020	21.0	25.0	0.0	1.87
7	1	2020	21.0	26.0	0.0	2.15
8	1	2020	19.0	27.0	0.0	2.64
9	1	2020	19.7	22.0	0.0	1.36
10	1	2020	19.0	24.6	0.0	2.18
11	1	2020	15.0	24.0	0.0	2.67
12	1	2020	15.0	19.0	0.0	1.69
13	1	2020	18.0	21.0	0.0	1.51
14	1	2020	18.0	23.0	0.0	2.03
15	1	2020	18.9	23.7	0.0	2.02
16	1	2020	16.0	24.0	0.0	2.59
17	1	2020	16.0	19.0	0.0	1.48
18	1	2020	18.0	20.4	0.0	1.37
19	1	2020	15.0	18.0	0.0	1.44
20	1	2020	16.0	19.3	0.0	1.59
21	1	2020	18.8	22.0	0.0	1.65
22	1	2020	21.0	25.0	0.0	1.94
23	1	2020	21.0	26.0	0.0	2.25
24	1	2020	19.8	26.0	0.0	2.48
25	1	2020	15.0	24.0	3.0	2.81
26	1	2020	11.0	18.0	8.0	2.09
27	1	2020	10.0	14.0	0.1	1.51
28	1	2020	11.0	15.2	0.0	1.59
29	1	2020	12.0	16.6	0.0	1.72
30	1	2020	11.0	19.0	0.0	2.36
31	1	2020	14.0	19.0	0.0	1.92
1	2	2020	16.5	19.4	0.0	1.55
2	2	2020	17.0	20.0	0.0	1.62
3	2	2020	15.0	22.0	0.2	2.51
4	2	2020	16.0	18.4	0.1	1.43
5	2	2020	16.0	19.7	0.0	1.81
6	2	2020	17.0	20.0	0.0	1.66
7	2	2020	16.0	20.4	0.0	2.05
8	2	2020	15.0	19.0	0.0	1.86
9	2	2020	15.0	17.6	0.0	1.48
10	2	2020	16.7	19.0	0.0	1.44
11	2	2020	16.9	20.0	0.2	1.73
12	2	2020	18.0	23.0	0.0	2.32
13	2	2020	19.0	22.0	26.0	1.82
14	2	2020	20.0	26.0	2.8	2.7
15	2	2020	13.0	25.0	1.0	3.71
16	2	2020	10.0	15.0	0.0	1.86
17	2	2020	11.0	16.7	0.0	2.13
18	2	2020	14.0	18.0	0.0	1.87
19	2	2020	15.0	21.0	0.0	2.48
20	2	2020	16.9	22.0	0.0	2.34
21	2	2020	16.0	24.0	0.0	3.06
22	2	2020	17.7	24.0	0.0	2.77
23	2	2020	18.0	25.2	0.0	2.99
24	2	2020	20.0	25.0	0.0	2.55
25	2	2020	20.2	25.1	0.0	2.6
26	2	2020	20.0	27.0	0.0	3.21
27	2	2020	18.7	24.0	0.0	2.63
28	2	2020	20.0	24.0	0.0	2.35
29	2	2020	20.0	26.0	0.0	2.98
1	3	2020	20.9	27.0	0.0	3.03
2	3	2020	19.0	22.0	0.0	1.99
3	3	2020	20.0	22.4	0.0	1.81
4	3	2020	16.0	22.0	0.1	2.77
5	3	2020	16.0	20.5	0.1	2.36
6	3	2020	18.0	21.0	0.0	2.0
7	3	2020	21.6	26.0	0.0	2.65
8	3	2020	23.6	25.0	0.0	1.54
9	3	2020	21.0	26.0	0.0	2.96
10	3	2020	18.4	24.0	0.0	2.92
11	3	2020	18.7	21.0	0.0	1.78
12	3	2020	21.0	26.0	0.0	2.86
13	3	2020	19.3	28.0	0.6	3.87
14	3	2020	19.0	24.2	0.0	2.83
15	3	2020	19.0	23.0	0.0	2.45
16	3	2020	20.0	24.0	0.0	2.52
17	3	2020	19.9	22.0	0.0	1.82
18	3	2020	20.2	22.3	7.0	1.84
19	3	2020	19.8	23.0	0.0	2.27
20	3	2020	20.9	24.0	0.1	2.29
21	3	2020	22.0	25.8	0.0	2.64
22	3	2020	21.5	29.0	0.0	3.83
23	3	2020	21.9	30.0	0.0	4.03
24	3	2020	22.0	27.0	0.0	3.09
25	3	2020	22.6	27.0	0.0	2.92
26	3	2020	23.0	27.0	0.0	2.82
27	3	2020	23.0	28.0	5.0	3.24
28	3	2020	20.0	25.6	2.1	3.15
29	3	2020	20.0	24.0	0.0	2.69
30	3	2020	19.0	20.5	5.0	1.56
31	3	2020	18.0	20.8	3.0	2.09
1	4	2020	18.7	20.3	0.0	1.62
2	4	2020	20.0	23.0	0.0	2.32
3	4	2020	19.6	23.0	3.0	2.46
4	4	2020	17.0	23.0	0.7	3.22
5	4	2020	17.0	19.0	7.0	1.74
6	4	2020	17.0	18.0	11.0	1.23
7	4	2020	19.7	21.0	0.0	1.5
8	4	2020	20.0	24.0	0.0	2.76
9	4	2020	20.6	26.0	0.0	3.29
10	4	2020	21.7	25.6	0.0	2.83
11	4	2020	18.0	25.4	22.0	3.83
12	4	2020	17.0	24.2	0.0	3.63
13	4	2020	19.0	23.0	0.0	2.72
14	4	2020	18.0	23.0	0.0	3.07
15	4	2020	19.0	26.0	0.0	3.78
16	4	2020	22.0	27.0	0.0	3.32
17	4	2020	22.0	28.0	0.0	3.73
18	4	2020	23.7	27.0	0.0	2.8
19	4	2020	24.0	30.0	0.0	3.9
20	4	2020	25.0	31.0	0.0	3.95
21	4	2020	25.0	30.0	0.0	3.61
22	4	2020	20.0	24.5	11.0	3.01
23	4	2020	18.0	22.4	2.0	2.89
24	4	2020	18.0	20.0	0.0	1.88
25	4	2020	20.1	22.0	0.0	1.94
26	4	2020	21.8	27.0	0.0	3.47
27	4	2020	23.9	28.0	0.0	3.18
28	4	2020	21.7	29.0	0.0	4.2
29	4	2020	22.0	29.0	0.0	4.09
30	4	2020	23.8	29.0	0.0	3.63
1	5	2020	24.0	29.0	0.0	3.59
2	5	2020	25.5	30.3	0.0	3.61
3	5	2020	26.0	32.0	0.0	4.16
4	5	2020	27.0	32.1	0.0	3.87
5	5	2020	27.3	31.5	0.0	3.52
6	5	2020	28.0	32.0	0.0	3.49
7	5	2020	28.7	32.0	0.0	3.19
8	5	2020	28.0	32.8	0.0	3.86
9	5	2020	28.0	33.1	0.0	3.98
10	5	2020	26.0	33.0	0.0	4.57
11	5	2020	24.1	32.5	25.0	4.97
12	5	2020	26.0	30.0	0.0	3.39
13	5	2020	25.9	31.0	6.0	3.77
14	5	2020	27.0	31.0	0.5	3.45
15	5	2020	26.2	31.0	0.0	3.8
16	5	2020	27.0	32.3	0.0	4.0
17	5	2020	24.7	32.2	7.0	4.72
18	5	2020	25.0	29.5	24.0	3.5
19	5	2020	27.5	31.0	0.0	3.24
20	5	2020	26.0	31.0	19.0	3.84
21	5	2020	28.0	31.0	2.0	3.06
22	5	2020	26.0	28.6	3.0	2.71
23	5	2020	25.5	27.1	2.0	2.07
24	5	2020	26.5	29.8	0.0	3.09
25	5	2020	24.0	29.0	47.0	3.81
26	5	2020	26.9	33.0	0.5	4.26
27	5	2020	26.7	30.0	0.8	3.13
28	5	2020	27.0	30.0	0.2	2.99
29	5	2020	25.0	31.0	7.0	4.27
30	5	2020	24.8	29.0	47.0	3.47
31	5	2020	29.0	32.0	0.0	3.11
1	6	2020	28.0	32.0	2.0	3.59
2	6	2020	26.8	31.0	2.0	3.61
3	6	2020	29.0	32.1	0.0	3.16
4	6	2020	29.0	32.6	0.0	3.45
5	6	2020	25.0	32.0	9.0	4.71
6	6	2020	26.0	30.0	0.7	3.45
7	6	2020	25.0	30.0	65.2	3.89
8	6	2020	28.0	30.0	25.0	2.48
9	6	2020	28.9	31.2	0.0	2.72
10	6	2020	29.0	33.0	0.0	3.63
11	6	2020	27.6	32.0	0.0	3.77
12	6	2020	27.9	34.0	0.0	4.48
13	6	2020	27.0	33.9	4.0	4.69
14	6	2020	25.9	30.0	4.0	3.47
15	6	2020	28.5	32.0	0.0	3.35
16	6	2020	27.0	32.0	5.0	3.94
17	6	2020	28.0	33.0	0.0	4.01
18	6	2020	28.8	33.0	0.0	3.7
19	6	2020	28.7	33.0	0.0	3.75
20	6	2020	29.0	33.0	0.0	3.63
21	6	2020	29.5	33.0	0.0	3.41
22	6	2020	29.4	33.3	0.0	3.62
23	6	2020	29.5	33.1	0.0	3.48
24	6	2020	29.6	34.0	0.0	3.85
25	6	2020	30.0	34.0	0.0	3.68
26	6	2020	29.6	34.0	0.1	3.84
27	6	2020	27.0	34.0	0.0	4.81
28	6	2020	29.0	34.0	0.0	4.07
29	6	2020	29.0	33.0	0.0	3.63
30	6	2020	29.0	34.0	0.0	4.07
1	7	2020	28.0	32.6	0.7	3.84
2	7	2020	27.3	32.0	11.0	3.86
3	7	2020	28.0	31.0	7.0	3.05
4	7	2020	28.5	32.0	0.3	3.33
5	7	2020	28.0	33.0	0.6	4.02
6	7	2020	27.0	33.0	0.2	4.42
7	7	2020	29.0	32.0	7.0	3.1
8	7	2020	29.0	33.0	0.0	3.61
9	7	2020	29.5	32.3	0.0	3.02
10	7	2020	29.4	33.0	0.0	3.42
11	7	2020	29.0	33.0	0.0	3.63
12	7	2020	28.6	33.4	1.0	3.96
13	7	2020	29.0	34.0	0.0	4.05
14	7	2020	29.0	35.0	0.0	4.48
15	7	2020	29.0	34.0	0.0	4.07
16	7	2020	27.7	35.0	2.0	4.9
17	7	2020	28.1	34.5	0.0	4.6
18	7	2020	29.0	34.0	0.0	4.05
19	7	2020	29.0	33.0	2.0	3.6
20	7	2020	28.0	33.0	0.0	3.99
21	7	2020	28.0	33.0	0.0	4.0
22	7	2020	29.0	34.0	0.0	4.01
23	7	2020	28.6	34.0	0.1	4.19
24	7	2020	29.0	35.0	0.0	4.46
25	7	2020	29.6	35.0	0.0	4.24
26	7	2020	29.0	35.4	0.0	4.61
27	7	2020	28.2	35.0	0.0	4.71
28	7	2020	29.0	36.0	0.0	4.8
29	7	2020	26.0	34.5	0.0	5.19
30	7	2020	28.0	35.1	0.0	4.76
31	7	2020	26.0	29.0	24.0	2.88
1	8	2020	26.0	31.0	13.5	3.71
2	8	2020	26.0	30.1	3.2	3.38
3	8	2020	26.0	29.0	29.0	2.85
4	8	2020	26.0	31.2	8.0	3.85
5	8	2020	25.0	31.0	12.5	4.04
6	8	2020	28.0	33.0	0.0	3.92
7	8	2020	28.0	34.0	0.0	4.31
8	8	2020	28.0	33.0	0.0	3.89
9	8	2020	28.0	33.0	0.0	3.89
10	8	2020	29.0	33.7	0.0	3.79
11	8	2020	27.0	32.0	7.6	3.88
12	8	2020	25.5	30.0	57.0	3.44
13	8	2020	26.3	31.0	5.1	3.62
14	8	2020	28.0	32.0	0.0	3.42
15	8	2020	26.0	32.0	0.0	4.18
16	8	2020	27.0	33.0	0.0	4.19
17	8	2020	26.7	32.0	0.0	3.83
18	8	2020	25.2	30.0	107.0	3.5
19	8	2020	26.6	28.0	2.0	1.9
20	8	2020	27.7	32.3	0.0	3.61
21	8	2020	27.0	31.1	0.0	3.4
22	8	2020	27.0	32.0	0.0	3.77
23	8	2020	28.7	33.2	0.0	3.62
24	8	2020	29.4	34.0	0.0	3.68
25	8	2020	29.5	34.2	0.0	3.73
26	8	2020	26.5	34.0	6.0	4.58
27	8	2020	28.0	31.1	0.0	2.9
28	8	2020	27.9	34.0	0.0	4.14
29	8	2020	28.0	34.5	0.0	4.32
30	8	2020	28.0	33.0	0.0	3.75
31	8	2020	28.6	33.0	0.0	3.52
1	9	2020	28.4	34.0	0.0	3.98
2	9	2020	29.0	34.4	0.0	3.92
3	9	2020	29.0	34.0	0.0	3.77
4	9	2020	28.7	32.7	8.0	3.29
5	9	2020	27.0	30.0	3.0	2.74
6	9	2020	28.0	33.0	0.0	3.62
7	9	2020	26.0	32.0	4.0	3.89
8	9	2020	25.8	28.0	32.0	2.26
9	9	2020	28.0	31.0	0.0	2.72
10	9	2020	28.0	32.5	1.0	3.36
11	9	2020	28.0	32.0	0.0	3.18
12	9	2020	26.0	33.0	8.0	4.11
13	9	2020	26.6	32.0	0.0	3.63
14	9	2020	27.0	33.0	0.0	3.85
15	9	2020	26.0	29.0	41.1	2.61
16	9	2020	28.0	34.0	0.0	3.91
17	9	2020	27.0	32.3	27.0	3.52
18	9	2020	26.8	31.1	17.0	3.11
19	9	2020	27.0	30.5	6.0	2.78
20	9	2020	28.0	31.0	0.0	2.64
21	9	2020	26.0	32.0	15.0	3.67
22	9	2020	28.0	32.5	0.0	3.23
23	9	2020	27.0	32.0	0.0	3.38
24	9	2020	26.3	30.1	0.0	2.86
25	9	2020	27.5	31.0	0.0	2.75
26	9	2020	27.0	30.5	0.0	2.76
27	9	2020	26.7	31.0	0.0	3.02
28	9	2020	26.4	29.0	2.0	2.28
29	9	2020	27.0	30.0	0.0	2.49
30	9	2020	25.0	31.0	63.2	3.46
1	10	2020	26.0	30.0	0.0	2.81
2	10	2020	26.0	31.4	0.0	3.3
3	10	2020	27.0	32.2	0.0	3.25
4	10	2020	27.0	31.2	0.0	2.9
5	10	2020	25.0	31.4	6.0	3.52
6	10	2020	23.8	28.0	0.0	2.69
7	10	2020	23.0	26.4	0.0	2.35
8	10	2020	23.0	28.0	0.0	2.86
9	10	2020	23.0	29.0	0.0	3.18
10	10	2020	25.0	29.0	0.0	2.61
11	10	2020	26.0	30.0	0.0	2.66
12	10	2020	24.9	32.0	0.3	3.6
13	10	2020	24.9	28.0	0.9	2.23
14	10	2020	25.0	28.0	0.0	2.22
15	10	2020	25.6	30.0	0.0	2.73
16	10	2020	24.0	31.0	0.0	3.43
17	10	2020	22.0	28.0	0.0	2.99
18	10	2020	22.0	28.0	0.0	2.97
19	10	2020	22.0	27.0	0.0	2.65
20	10	2020	21.0	27.2	0.0	2.94
21	10	2020	22.9	27.0	0.0	2.39
22	10	2020	22.0	28.0	0.0	2.88
23	10	2020	23.0	26.0	0.0	2.02
24	10	2020	23.0	27.0	0.0	2.33
25	10	2020	23.0	28.5	0.0	2.77
26	10	2020	23.7	29.0	0.0	2.71
27	10	2020	23.0	31.5	0.0	3.49
28	10	2020	23.0	28.0	1.0	2.54
29	10	2020	23.0	26.1	0.0	2.01
30	10	2020	23.0	26.9	0.0	2.22
31	10	2020	22.0	27.0	0.0	2.47
1	11	2020	22.8	26.0	0.0	1.99
2	11	2020	21.0	29.0	0.0	3.19
3	11	2020	20.6	26.0	0.0	2.51
4	11	2020	21.0	27.0	0.0	2.63
5	11	2020	22.0	26.4	0.0	2.25
6	11	2020	24.0	28.0	0.0	2.24
7	11	2020	25.0	29.2	0.0	2.35
8	11	2020	23.0	28.2	0.0	2.54
9	11	2020	22.0	27.0	0.0	2.39
10	11	2020	21.0	25.0	0.0	2.06
11	11	2020	20.0	26.5	0.0	2.59
12	11	2020	21.0	26.7	0.0	2.44
13	11	2020	22.0	26.0	0.0	2.07
14	11	2020	21.9	25.0	0.0	1.79
15	11	2020	22.0	26.0	0.0	2.05
16	11	2020	23.0	28.0	0.0	2.35
17	11	2020	24.0	28.0	0.0	2.12
18	11	2020	24.7	28.6	0.0	2.12
19	11	2020	23.5	29.0	0.0	2.49
20	11	2020	23.0	29.0	0.0	2.61
21	11	2020	22.9	25.2	0.0	1.53
22	11	2020	23.0	30.0	0.0	2.77
23	11	2020	22.0	24.5	0.0	1.56
24	11	2020	22.0	26.0	0.0	1.98
25	11	2020	22.0	27.0	0.0	2.22
26	11	2020	21.0	28.1	0.0	2.66
27	11	2020	17.9	25.3	0.0	2.52
28	11	2020	17.0	23.2	0.0	2.24
29	11	2020	16.0	23.0	0.0	2.31
30	11	2020	17.0	22.0	0.0	1.94
1	12	2020	17.0	23.0	0.0	2.16
2	12	2020	15.0	23.2	0.0	2.48
3	12	2020	13.0	20.0	0.0	2.1
4	12	2020	13.0	19.0	0.0	1.9
5	12	2020	14.0	20.0	0.0	1.96
6	12	2020	17.0	20.0	0.0	1.44
7	12	2020	17.0	22.0	0.0	1.96
8	12	2020	18.0	21.0	0.0	1.47
9	12	2020	19.0	22.0	0.0	1.51
10	12	2020	20.7	23.0	0.0	1.37
11	12	2020	20.0	23.0	0.1	1.56
12	12	2020	20.5	23.5	0.0	1.55
13	12	2020	21.0	24.0	0.0	1.57
14	12	2020	12.0	22.0	0.0	2.46
15	12	2020	12.0	15.3	0.0	1.31
16	12	2020	12.0	15.3	0.0	1.29
17	12	2020	14.0	15.0	0.0	0.73
18	12	2020	11.0	19.0	0.0	2.13
19	12	2020	11.0	17.0	0.0	1.77
20	12	2020	13.0	18.0	0.0	1.68
21	12	2020	14.0	19.0	0.0	1.74
22	12	2020	17.0	19.1	0.0	1.18
23	12	2020	19.0	20.5	0.0	1.04
24	12	2020	18.8	22.1	0.0	1.57
25	12	2020	17.7	21.0	0.0	1.52
26	12	2020	18.0	23.0	0.0	1.96
27	12	2020	18.0	25.0	0.0	2.36
28	12	2020	19.0	26.0	0.0	2.39
29	12	2020	14.0	25.0	0.0	2.95
30	12	2020	8.0	16.0	0.0	1.97
31	12	2020	8.3	13.8	0.0	1.57
1	1	2021	9.0	14.0	0.0	1.51
2	1	2021	13.0	17.0	0.0	1.49
3	1	2021	17.0	20.0	0.0	1.43
4	1	2021	18.0	20.0	0.0	1.2
5	1	2021	16.0	21.0	0.0	1.89
6	1	2021	15.0	19.0	0.0	1.6
7	1	2021	7.0	17.0	0.0	2.23
8	1	2021	8.0	10.0	0.0	0.88
9	1	2021	9.0	12.6	0.0	1.3
10	1	2021	11.0	14.3	0.0	1.29
11	1	2021	7.9	10.0	0.0	0.92
12	1	2021	8.0	15.0	0.0	1.82
13	1	2021	10.5	17.0	0.0	1.89
14	1	2021	15.0	19.0	0.0	1.63
15	1	2021	15.0	21.0	0.0	2.06
16	1	2021	15.0	23.0	0.0	2.45
17	1	2021	11.9	19.0	0.0	2.15
18	1	2021	12.0	17.0	0.0	1.73
19	1	2021	16.7	19.0	0.0	1.28
20	1	2021	18.0	22.3	0.0	1.88
21	1	2021	19.0	24.8	0.0	2.28
22	1	2021	17.0	25.0	0.0	2.65
23	1	2021	17.7	23.0	0.0	2.16
24	1	2021	18.0	22.0	0.0	1.83
25	1	2021	17.0	22.0	0.0	2.09
26	1	2021	18.0	23.4	0.0	2.22
27	1	2021	16.8	23.0	0.0	2.31
28	1	2021	13.0	22.0	0.0	2.72
29	1	2021	15.0	20.0	0.0	1.97
30	1	2021	16.9	20.0	0.0	1.62
31	1	2021	17.0	23.4	0.0	2.44
1	2	2021	18.0	24.0	0.0	2.44
2	2	2021	17.0	26.0	0.0	2.99
3	2	2021	18.0	24.0	0.0	2.4
4	2	2021	17.0	24.0	0.0	2.64
5	2	2021	17.0	23.0	0.0	2.43
6	2	2021	17.0	25.0	0.0	2.88
7	2	2021	19.0	27.0	0.0	3.01
8	2	2021	18.0	24.6	0.0	2.66
9	2	2021	16.0	20.0	0.0	1.95
10	2	2021	15.0	17.0	24.0	1.29
13	2	2021	16.0	21.0	0.0	2.2
14	2	2021	17.0	24.0	0.0	2.74
15	2	2021	18.0	26.0	0.0	3.09
16	2	2021	18.7	24.0	0.0	2.48
17	2	2021	17.0	24.0	0.0	2.79
18	2	2021	16.0	22.0	0.0	2.5
19	2	2021	19.0	22.0	0.0	1.86
20	2	2021	17.1	19.2	0.0	1.48
21	2	2021	18.0	24.2	0.0	2.68
22	2	2021	19.0	26.0	0.0	3.0
23	2	2021	19.0	27.0	0.0	3.29
24	2	2021	20.0	24.0	0.0	2.28
25	2	2021	19.0	24.0	1.0	2.59
26	2	2021	17.0	25.0	10.0	3.26
27	2	2021	16.9	20.0	0.0	1.85
28	2	2021	20.0	23.0	0.0	2.0
1	3	2021	18.0	24.5	0.0	3.02
2	3	2021	18.0	22.0	0.0	2.27
3	3	2021	19.0	20.0	0.0	1.12
4	3	2021	19.0	20.2	1.0	1.24
5	3	2021	20.3	23.0	0.0	1.96
6	3	2021	20.7	25.0	0.0	2.54
7	3	2021	19.0	21.0	0.0	1.64
8	3	2021	18.9	23.0	0.0	2.38
9	3	2021	20.0	23.4	0.0	2.24
10	3	2021	19.0	23.6	0.0	2.57
11	3	2021	20.0	26.7	0.0	3.26
12	3	2021	21.0	27.0	0.0	3.21
13	3	2021	21.0	26.1	0.0	2.88
14	3	2021	20.8	25.0	0.0	2.61
15	3	2021	21.8	26.0	0.0	2.68
16	3	2021	21.7	28.0	0.0	3.37
17	3	2021	23.6	28.0	0.0	2.9
18	3	2021	23.0	28.0	0.0	3.05
19	3	2021	22.0	29.1	0.0	3.7
20	3	2021	23.7	29.0	0.0	3.26
21	3	2021	15.9	24.2	0.1	3.43
22	3	2021	16.0	20.0	0.0	2.36
23	3	2021	18.0	20.1	0.0	1.77
24	3	2021	20.0	23.0	0.0	2.27
25	3	2021	20.0	26.3	0.0	3.36
26	3	2021	22.0	26.0	0.0	2.72
27	3	2021	22.9	27.0	0.0	2.88
28	3	2021	23.0	29.0	0.0	3.58
29	3	2021	25.9	30.0	0.0	3.06
30	3	2021	25.9	29.7	0.0	2.96
31	3	2021	25.8	28.1	0.0	2.29
1	4	2021	25.0	30.0	0.0	3.41
2	4	2021	24.0	30.0	0.0	3.75
3	4	2021	25.7	30.7	0.0	3.47
4	4	2021	22.0	27.3	0.0	3.34
5	4	2021	22.6	25.0	0.0	2.19
6	4	2021	22.6	28.0	0.0	3.41
7	4	2021	22.0	27.0	0.0	3.22
8	4	2021	19.0	27.0	1.0	4.03
9	4	2021	19.0	22.0	0.0	2.35
10	4	2021	21.0	26.0	0.0	3.21
11	4	2021	22.8	28.0	0.0	3.39
12	4	2021	23.0	28.0	0.0	3.4
13	4	2021	23.8	30.0	0.0	3.9
14	4	2021	22.6	28.0	0.0	3.54
15	4	2021	22.0	24.0	0.2	2.05
16	4	2021	22.7	27.0	0.0	3.12
17	4	2021	22.0	24.0	0.0	2.06
18	4	2021	21.9	26.2	0.0	3.07
19	4	2021	22.0	26.0	0.0	2.93
20	4	2021	22.0	27.0	0.0	3.38
21	4	2021	22.9	28.0	0.0	3.46
22	4	2021	24.0	29.0	0.0	3.53
23	4	2021	26.0	31.7	0.0	3.94
24	4	2021	24.7	29.1	0.0	3.35
25	4	2021	22.6	29.0	0.0	3.96
26	4	2021	23.0	25.2	0.2	2.25
27	4	2021	23.0	25.0	7.0	2.14
28	4	2021	22.0	28.0	1.0	3.77
29	4	2021	21.8	27.0	0.1	3.5
30	4	2021	23.5	29.0	0.0	3.74
1	5	2021	25.0	30.0	0.0	3.66
2	5	2021	23.0	30.4	0.9	4.4
3	5	2021	25.0	27.0	0.7	2.25
4	5	2021	23.0	31.1	36.0	4.68
5	5	2021	24.0	30.0	0.0	4.04
6	5	2021	24.0	30.0	0.0	3.97
7	5	2021	25.0	30.4	0.0	3.87
8	5	2021	27.0	32.0	0.0	3.85
9	5	2021	26.7	32.4	0.0	4.11
10	5	2021	28.0	32.0	0.0	3.51
11	5	2021	29.0	33.0	0.0	3.54
12	5	2021	28.9	33.1	0.0	3.65
13	5	2021	28.7	32.7	5.0	3.54
14	5	2021	28.0	31.0	6.0	3.02
15	5	2021	29.0	33.0	0.0	3.57
16	5	2021	29.0	33.1	0.0	3.65
17	5	2021	29.6	34.0	0.0	3.82
18	5	2021	29.0	34.0	0.0	4.06
19	5	2021	29.5	33.0	0.0	3.4
20	5	2021	29.7	34.0	0.0	3.77
21	5	2021	29.0	34.1	0.0	4.13
22	5	2021	29.0	34.0	2.0	4.07
23	5	2021	29.0	34.0	0.0	4.08
24	5	2021	27.0	32.0	12.0	3.94
25	5	2021	27.0	31.3	6.0	3.65
26	5	2021	27.0	32.0	11.0	3.99
27	5	2021	29.0	34.0	0.0	4.06
28	5	2021	29.0	34.0	0.0	4.09
29	5	2021	29.0	33.0	0.0	3.63
30	5	2021	30.0	33.6	0.0	3.46
31	5	2021	26.0	34.0	0.8	5.03
1	6	2021	25.0	31.0	17.0	4.1
2	6	2021	28.8	32.0	0.0	3.18
3	6	2021	29.0	33.0	0.0	3.64
4	6	2021	25.9	30.1	7.0	3.44
5	6	2021	26.0	29.8	0.0	3.32
6	6	2021	27.0	32.0	0.0	3.93
7	6	2021	27.0	32.0	0.0	3.94
8	6	2021	28.0	32.5	0.0	3.78
9	6	2021	26.0	30.0	22.0	3.46
10	6	2021	27.8	33.0	0.0	4.08
11	6	2021	27.0	34.0	9.0	4.74
12	6	2021	26.6	31.0	15.0	3.64
13	6	2021	28.6	32.0	0.0	3.28
14	6	2021	28.9	32.0	0.4	3.15
15	6	2021	29.7	32.0	2.0	2.75
16	6	2021	29.7	33.0	0.0	3.32
17	6	2021	29.6	33.0	0.0	3.39
18	6	2021	29.0	33.5	0.0	3.9
19	6	2021	29.9	34.0	0.0	3.74
20	6	2021	30.0	34.6	0.0	3.98
21	6	2021	29.6	34.0	0.0	3.85
22	6	2021	24.1	29.3	26.0	3.81
23	6	2021	26.0	29.9	0.8	3.33
24	6	2021	25.7	27.3	26.0	2.11
25	6	2021	27.0	30.0	0.0	3.03
26	6	2021	27.0	31.0	1.0	3.56
27	6	2021	25.0	31.1	1.0	4.42
28	6	2021	25.0	31.0	71.0	4.32
29	6	2021	29.5	31.0	7.0	2.2
30	6	2021	29.2	32.5	2.0	3.3
1	7	2021	29.7	33.0	0.0	3.31
2	7	2021	29.8	33.0	0.0	3.26
3	7	2021	28.0	32.2	0.0	3.73
4	7	2021	28.9	33.0	0.0	3.67
5	7	2021	28.8	33.0	0.0	3.71
6	7	2021	27.0	33.5	1.0	4.58
7	7	2021	29.0	32.1	0.4	3.18
8	7	2021	28.0	33.0	0.0	4.02
9	7	2021	28.0	35.0	0.0	4.8
10	7	2021	29.0	33.4	0.0	3.81
11	7	2021	29.0	33.0	0.0	3.63
12	7	2021	29.0	34.0	0.0	4.07
13	7	2021	29.0	34.0	0.0	4.08
14	7	2021	29.0	34.4	0.0	4.24
15	7	2021	29.0	33.8	0.0	3.98
16	7	2021	28.0	32.1	0.8	3.59
17	7	2021	27.6	32.0	0.0	3.7
18	7	2021	25.0	31.0	43.0	4.16
19	7	2021	25.8	28.5	26.0	2.74
20	7	2021	25.0	27.1	77.0	2.38
21	7	2021	27.0	29.0	0.1	2.4
22	7	2021	28.0	32.0	0.0	3.53
23	7	2021	29.0	35.0	0.0	4.44
24	7	2021	24.8	35.0	92.0	5.7
25	7	2021	29.0	34.0	0.0	4.01
26	7	2021	30.0	34.0	0.0	3.64
27	7	2021	29.6	35.0	0.0	4.27
28	7	2021	29.0	34.0	0.0	4.0
29	7	2021	27.0	33.0	0.0	4.28
30	7	2021	28.0	31.0	1.4	3.01
31	7	2021	28.6	33.0	1.0	3.71
1	8	2021	28.6	33.0	0.0	3.66
2	8	2021	27.0	33.0	0.0	4.31
3	8	2021	27.2	31.7	8.0	3.61
4	8	2021	27.0	32.0	38.0	3.82
5	8	2021	27.0	29.0	6.5	2.38
6	8	2021	27.9	31.0	0.3	3.02
7	8	2021	28.0	32.0	0.0	3.46
8	8	2021	29.0	33.0	0.8	3.49
9	8	2021	27.0	32.0	0.0	3.83
10	8	2021	28.0	32.0	2.0	3.47
11	8	2021	27.0	33.0	2.0	4.2
12	8	2021	28.0	32.3	1.0	3.56
13	8	2021	27.0	31.0	1.0	3.41
14	8	2021	26.6	29.9	3.1	3.0
15	8	2021	26.4	30.0	0.0	3.14
16	8	2021	27.0	32.0	7.0	3.76
17	8	2021	28.0	33.0	0.0	3.85
18	8	2021	28.0	33.0	0.0	3.82
19	8	2021	27.0	31.0	0.9	3.34
20	8	2021	28.0	33.0	0.0	3.82
21	8	2021	29.0	33.0	0.0	3.42
22	8	2021	29.0	34.0	0.0	3.85
23	8	2021	29.0	33.0	0.0	3.43
24	8	2021	28.0	33.0	0.0	3.8
25	8	2021	28.0	33.0	0.0	3.77
26	8	2021	28.0	34.0	0.0	4.17
27	8	2021	24.0	29.1	7.0	3.42
28	8	2021	26.6	32.0	0.5	3.8
29	8	2021	27.0	30.1	1.0	2.85
30	8	2021	27.0	33.0	0.3	4.05
31	8	2021	27.0	31.0	2.0	3.18
1	9	2021	27.0	32.0	9.0	3.6
2	9	2021	28.0	33.0	0.0	3.67
3	9	2021	28.6	32.0	0.0	3.03
4	9	2021	27.0	32.3	0.1	3.75
5	9	2021	27.0	31.2	13.0	3.31
6	9	2021	28.0	32.5	0.0	3.47
7	9	2021	28.0	34.0	0.0	4.03
8	9	2021	28.0	32.4	0.0	3.41
9	9	2021	29.0	33.0	0.0	3.29
10	9	2021	29.0	34.0	0.0	3.71
11	9	2021	29.6	35.0	0.0	3.84
12	9	2021	29.8	36.0	0.0	4.16
13	9	2021	29.0	34.0	0.0	3.64
14	9	2021	28.0	31.4	21.0	2.87
15	9	2021	29.0	34.0	0.0	3.62
16	9	2021	26.0	32.1	0.6	3.81
17	9	2021	29.0	33.0	0.0	3.16
18	9	2021	28.0	34.0	0.2	3.88
19	9	2021	28.0	33.1	0.0	3.56
20	9	2021	28.0	31.3	5.0	2.81
21	9	2021	27.0	33.0	0.3	3.74
22	9	2021	29.0	33.1	0.0	3.17
23	9	2021	26.0	31.2	11.0	3.43
24	9	2021	28.0	33.0	0.0	3.45
25	9	2021	28.0	33.0	0.0	3.42
26	9	2021	27.0	30.4	0.0	2.73
27	9	2021	28.0	32.0	0.0	2.99
28	9	2021	28.0	33.0	0.0	3.35
29	9	2021	29.0	33.3	0.0	3.14
30	9	2021	28.8	34.0	0.0	3.45
1	10	2021	28.0	33.0	0.0	3.33
2	10	2021	28.0	33.0	0.0	3.31
3	10	2021	27.7	31.0	0.0	2.62
4	10	2021	29.0	34.0	0.0	3.32
5	10	2021	28.0	34.0	0.0	3.6
6	10	2021	29.0	34.0	0.0	3.29
7	10	2021	25.0	32.0	37.0	3.66
8	10	2021	25.0	27.0	141.0	1.86
9	10	2021	25.0	29.0	99.0	2.65
10	10	2021	25.0	28.0	5.0	2.29
11	10	2021	23.9	32.0	0.0	3.85
12	10	2021	22.0	26.0	0.0	2.49
13	10	2021	23.0	28.0	28.0	2.9
14	10	2021	26.0	32.0	0.1	3.29
15	10	2021	25.4	27.0	0.8	1.61
16	10	2021	22.0	30.0	0.0	3.55
17	10	2021	20.0	26.0	0.0	2.86
18	10	2021	22.0	26.1	0.0	2.42
19	10	2021	25.0	29.0	0.0	2.51
20	10	2021	25.9	30.0	0.0	2.59
21	10	2021	17.0	29.0	0.3	3.79
22	10	2021	18.0	20.0	0.0	1.44
23	10	2021	18.0	20.0	0.0	1.46
24	10	2021	19.5	25.0	0.0	2.55
25	10	2021	22.0	26.0	0.0	2.28
26	10	2021	24.0	27.4	0.0	2.19
27	10	2021	24.0	29.0	0.0	2.68
28	10	2021	24.8	27.6	0.0	1.98
29	10	2021	24.0	28.6	0.0	2.53
30	10	2021	22.8	25.0	0.0	1.66
31	10	2021	24.0	27.0	0.0	1.97
1	11	2021	24.8	28.0	0.0	2.07
2	11	2021	24.0	28.8	0.0	2.52
3	11	2021	24.0	28.5	0.0	2.42
4	11	2021	25.0	29.0	0.0	2.31
5	11	2021	24.0	29.0	0.0	2.55
6	11	2021	24.6	30.0	0.0	2.69
7	11	2021	17.0	30.1	0.0	3.99
8	11	2021	16.0	21.0	0.0	2.07
9	11	2021	18.0	23.0	0.0	2.13
10	11	2021	19.0	24.0	0.0	2.2
11	11	2021	20.0	25.0	0.0	2.25
12	11	2021	20.0	25.3	0.0	2.35
13	11	2021	19.0	25.0	0.0	2.44
14	11	2021	20.0	25.0	0.0	2.22
15	11	2021	20.5	25.0	0.0	2.11
16	11	2021	22.0	26.0	0.0	2.04
17	11	2021	20.0	27.0	0.0	2.65
18	11	2021	21.0	24.1	0.0	1.73
19	11	2021	22.2	25.0	0.0	1.69
20	11	2021	23.0	27.0	0.0	2.05
21	11	2021	19.0	27.0	0.0	2.85
22	11	2021	15.0	18.6	0.1	1.58
23	11	2021	15.0	17.3	0.0	1.24
24	11	2021	18.0	21.3	0.0	1.61
25	11	2021	18.0	23.3	0.0	2.11
26	11	2021	19.0	25.0	0.0	2.31
27	11	2021	19.0	24.0	0.0	2.07
28	11	2021	18.7	25.0	0.0	2.34
29	11	2021	20.0	25.7	0.0	2.27
30	11	2021	15.0	24.3	0.0	2.7
1	12	2021	13.7	20.0	0.0	2.05
2	12	2021	15.0	20.2	0.0	1.89
3	12	2021	15.0	22.0	0.0	2.22
4	12	2021	17.0	21.0	0.0	1.69
5	12	2021	15.0	22.0	0.0	2.23
6	12	2021	16.0	23.0	0.0	2.25
7	12	2021	18.0	23.2	0.0	2.01
8	12	2021	18.8	24.0	0.0	2.03
9	12	2021	18.7	23.0	0.0	1.83
10	12	2021	20.0	25.0	0.0	2.04
11	12	2021	19.0	25.0	0.0	2.21
12	12	2021	17.0	24.4	0.0	2.45
13	12	2021	18.0	21.0	0.0	1.46
14	12	2021	19.0	23.0	0.0	1.77
15	12	2021	20.0	23.0	2.0	1.58
16	12	2021	22.0	26.0	0.0	1.89
17	12	2021	16.0	24.0	0.0	2.44
18	12	2021	15.0	20.0	0.0	1.8
19	12	2021	16.0	20.0	0.0	1.66
20	12	2021	14.0	17.8	5.0	1.46
21	12	2021	15.0	18.0	4.0	1.36
22	12	2021	17.0	21.0	0.0	1.71
23	12	2021	18.5	23.0	0.5	1.81
24	12	2021	17.0	21.7	0.0	1.86
25	12	2021	15.0	21.3	0.0	2.1
26	12	2021	9.0	15.3	4.0	1.74
27	12	2021	10.0	12.0	0.5	0.94
28	12	2021	12.0	16.0	0.0	1.5
29	12	2021	15.0	19.0	0.0	1.59
30	12	2021	17.0	19.5	0.0	1.3
31	12	2021	17.0	20.0	0.0	1.43
1	1	2022	15.0	19.0	0.0	1.61
2	1	2022	16.9	21.5	0.0	1.81
3	1	2022	17.0	22.0	0.0	1.91
4	1	2022	18.0	24.0	0.0	2.19
5	1	2022	18.4	23.4	0.0	2.01
6	1	2022	17.0	25.0	0.0	2.51
7	1	2022	15.8	21.0	0.0	1.93
8	1	2022	16.0	19.1	0.0	1.46
9	1	2022	16.7	20.1	0.0	1.58
10	1	2022	14.0	20.0	0.2	2.05
11	1	2022	13.0	17.0	0.0	1.55
12	1	2022	15.0	17.0	0.0	1.14
13	1	2022	15.0	18.5	0.0	1.54
14	1	2022	17.0	18.0	0.0	0.84
15	1	2022	18.0	22.1	0.0	1.8
16	1	2022	17.9	23.0	0.0	2.05
17	1	2022	15.5	20.0	0.0	1.83
18	1	2022	15.0	18.0	0.0	1.45
19	1	2022	14.9	19.0	0.0	1.71
20	1	2022	16.0	20.2	0.0	1.79
21	1	2022	17.5	21.0	5.0	1.69
22	1	2022	18.0	19.0	0.1	0.89
23	1	2022	19.0	22.0	0.0	1.62
24	1	2022	17.7	22.0	0.0	1.95
25	1	2022	18.0	20.0	0.0	1.29
26	1	2022	18.9	22.2	0.0	1.72
27	1	2022	19.0	22.0	0.0	1.67
28	1	2022	18.0	21.0	0.0	1.63
29	1	2022	13.0	21.0	0.0	2.46
30	1	2022	12.3	17.5	0.0	1.9
31	1	2022	11.0	14.0	0.0	1.36
1	2	2022	11.0	15.0	2.0	1.58
2	2	2022	11.0	15.0	0.7	1.6
3	2	2022	10.9	13.0	0.4	1.12
4	2	2022	12.0	17.0	0.0	1.84
5	2	2022	14.0	16.4	0.0	1.34
6	2	2022	16.0	19.0	0.0	1.59
7	2	2022	16.0	18.0	0.1	1.31
8	2	2022	14.0	17.0	0.0	1.56
9	2	2022	13.0	16.0	0.0	1.51
10	2	2022	15.8	18.1	0.0	1.42
11	2	2022	17.6	22.0	0.0	2.11
12	2	2022	16.0	23.1	0.0	2.69
13	2	2022	13.0	17.0	3.2	1.81
14	2	2022	16.0	19.0	0.0	1.67
15	2	2022	16.0	20.0	0.0	1.97
16	2	2022	16.0	21.0	0.0	2.24
17	2	2022	15.9	16.2	1.0	0.52
18	2	2022	14.0	19.7	0.2	2.33
19	2	2022	8.0	12.6	20.0	1.68
20	2	2022	7.0	8.3	26.0	0.83
21	2	2022	8.0	9.2	19.0	0.83
22	2	2022	9.0	11.0	28.0	1.12
23	2	2022	9.0	14.2	0.0	1.95
24	2	2022	10.0	14.0	0.0	1.77
25	2	2022	12.8	18.0	0.0	2.19
26	2	2022	15.0	20.5	0.0	2.42
27	2	2022	17.0	23.1	0.0	2.68
28	2	2022	18.9	24.0	0.0	2.58
1	3	2022	19.0	26.0	0.0	3.15
2	3	2022	18.0	25.3	0.0	3.15
3	3	2022	18.0	23.7	0.0	2.74
4	3	2022	17.0	25.0	0.0	3.32
5	3	2022	19.0	25.1	0.0	2.94
6	3	2022	17.1	23.0	0.0	2.81
7	3	2022	15.0	23.0	0.0	3.23
8	3	2022	15.0	21.0	0.0	2.69
9	3	2022	19.0	23.0	0.0	2.37
10	3	2022	19.0	25.2	0.0	3.1
11	3	2022	20.0	25.8	0.0	3.02
12	3	2022	21.0	27.0	0.0	3.2
13	3	2022	21.7	28.0	0.0	3.34
14	3	2022	21.0	28.2	0.0	3.58
15	3	2022	21.9	27.0	0.0	2.99
16	3	2022	22.9	26.0	0.0	2.33
17	3	2022	21.9	28.0	0.0	3.38
18	3	2022	23.0	28.1	0.0	3.14
19	3	2022	22.0	28.6	0.0	3.54
20	3	2022	21.0	23.0	6.0	1.82
21	3	2022	22.8	27.3	0.0	2.94
22	3	2022	18.0	29.0	0.1	4.65
23	3	2022	15.6	17.1	43.0	1.37
24	3	2022	18.4	23.0	0.1	2.63
25	3	2022	25.0	28.0	1.0	2.55
26	3	2022	22.0	30.4	0.0	4.27
27	3	2022	16.0	24.0	0.0	3.64
28	3	2022	17.0	18.0	1.0	1.19
29	3	2022	20.0	21.1	0.0	1.36
30	3	2022	23.0	27.0	0.0	2.86
31	3	2022	20.0	30.0	0.0	4.6
1	4	2022	15.0	22.4	0.2	3.36
2	4	2022	14.0	16.0	1.1	1.59
3	4	2022	17.0	23.1	0.0	3.15
4	4	2022	18.0	24.0	0.0	3.25
5	4	2022	19.0	25.3	0.0	3.46
6	4	2022	21.0	26.2	0.0	3.25
7	4	2022	22.0	26.5	0.0	3.07
8	4	2022	21.0	28.0	0.0	3.83
9	4	2022	20.7	27.0	0.0	3.63
10	4	2022	23.0	28.0	0.0	3.34
11	4	2022	23.0	29.0	0.0	3.75
12	4	2022	24.7	30.0	0.0	3.58
13	4	2022	22.0	28.2	0.0	3.8
14	4	2022	24.0	29.0	0.0	3.46
15	4	2022	22.0	28.0	0.0	3.67
16	4	2022	20.0	25.0	0.0	3.2
17	4	2022	21.0	25.0	0.0	2.85
18	4	2022	18.9	23.0	0.0	2.78
19	4	2022	17.9	20.1	1.0	1.97
20	4	2022	20.0	24.0	0.0	2.87
21	4	2022	23.8	28.0	0.0	3.16
22	4	2022	24.7	28.0	0.0	2.87
23	4	2022	25.0	30.0	0.0	3.64
24	4	2022	27.0	30.2	0.0	2.95
25	4	2022	27.0	30.0	0.0	2.89
26	4	2022	27.0	30.0	0.0	2.88
27	4	2022	27.7	32.0	0.0	3.53
28	4	2022	26.0	31.8	0.0	4.07
29	4	2022	26.0	32.0	0.0	4.16
30	4	2022	22.0	28.0	0.0	3.9
1	5	2022	17.0	21.1	36.0	2.66
2	5	2022	17.0	21.0	0.0	2.73
3	5	2022	22.0	26.0	0.0	3.03
4	5	2022	23.7	28.0	0.0	3.28
5	5	2022	23.4	29.0	0.0	3.8
6	5	2022	24.5	29.0	0.0	3.45
7	5	2022	24.0	28.0	0.1	3.2
8	5	2022	24.6	28.0	0.0	2.98
9	5	2022	25.0	29.0	0.0	3.26
10	5	2022	25.3	28.8	0.6	3.08
11	5	2022	25.0	27.3	39.0	2.46
12	5	2022	24.5	27.0	69.0	2.56
13	5	2022	24.0	28.0	32.4	3.22
14	5	2022	23.0	26.0	0.3	2.73
15	5	2022	19.7	26.1	6.0	3.79
16	5	2022	19.0	21.0	3.0	2.0
17	5	2022	22.0	26.0	0.0	3.07
18	5	2022	24.0	29.0	0.0	3.65
19	5	2022	25.0	29.0	0.0	3.3
20	5	2022	24.7	30.6	0.0	4.08
21	5	2022	25.0	30.6	0.0	3.99
22	5	2022	24.0	29.0	0.0	3.65
23	5	2022	24.0	26.4	0.2	2.49
24	5	2022	25.0	28.0	0.0	2.84
25	5	2022	26.0	29.0	0.3	2.87
26	5	2022	27.0	30.0	0.0	2.98
27	5	2022	25.0	29.0	30.1	3.4
28	5	2022	28.0	31.0	0.0	3.06
29	5	2022	28.0	31.0	0.9	3.06
30	5	2022	28.0	32.0	0.0	3.53
31	5	2022	27.2	31.0	5.0	3.39
1	6	2022	28.0	31.0	0.6	3.05
2	6	2022	28.0	31.0	3.0	3.06
3	6	2022	29.0	31.1	0.2	2.59
4	6	2022	29.0	33.0	0.0	3.6
5	6	2022	28.8	32.0	0.0	3.2
6	6	2022	25.0	31.7	20.0	4.51
7	6	2022	25.6	31.0	0.3	3.97
8	6	2022	24.4	28.0	34.6	3.14
9	6	2022	25.9	29.0	16.3	3.01
10	6	2022	27.0	29.0	0.0	2.4
11	6	2022	26.0	30.0	2.0	3.41
12	6	2022	28.0	31.0	0.0	3.06
13	6	2022	28.7	32.0	0.0	3.24
14	6	2022	25.0	30.0	2.0	3.76
15	6	2022	24.0	32.0	10.0	4.81
16	6	2022	28.4	31.0	0.0	2.85
17	6	2022	28.9	31.1	0.0	2.64
18	6	2022	29.0	31.0	3.0	2.51
19	6	2022	29.0	31.0	0.3	2.52
20	6	2022	29.0	31.0	0.0	2.53
21	6	2022	28.7	31.0	0.2	2.71
22	6	2022	28.6	33.0	0.0	3.78
23	6	2022	27.9	33.2	0.0	4.14
24	6	2022	28.0	34.0	0.0	4.42
25	6	2022	27.7	33.2	0.0	4.22
26	6	2022	28.7	33.9	0.0	4.12
27	6	2022	28.9	34.0	0.0	4.09
28	6	2022	28.0	35.0	0.0	4.85
29	6	2022	26.0	33.0	0.0	4.75
30	6	2022	26.0	30.4	23.9	3.58
1	7	2022	26.0	32.0	8.0	4.23
2	7	2022	25.9	29.1	49.0	3.06
3	7	2022	28.8	31.0	0.0	2.63
4	7	2022	28.9	30.1	0.0	1.93
5	7	2022	28.0	30.3	0.0	2.66
6	7	2022	28.0	31.2	0.9	3.15
7	7	2022	27.8	31.1	0.4	3.19
8	7	2022	28.7	34.0	0.0	4.17
9	7	2022	29.0	33.0	0.0	3.61
10	7	2022	28.8	34.0	0.0	4.15
11	7	2022	28.0	33.0	0.0	4.06
12	7	2022	28.6	33.0	0.0	3.79
13	7	2022	29.0	34.0	0.0	4.07
14	7	2022	29.0	34.0	0.0	4.04
15	7	2022	30.0	34.5	0.0	3.88
16	7	2022	30.0	34.2	0.0	3.74
17	7	2022	30.0	35.0	0.0	4.1
18	7	2022	30.0	34.0	0.0	3.66
19	7	2022	29.7	33.0	0.0	3.3
20	7	2022	29.0	34.0	0.0	4.08
21	7	2022	28.2	35.0	0.0	4.76
22	7	2022	29.0	36.0	0.0	4.9
23	7	2022	30.0	36.0	0.0	4.55
24	7	2022	30.0	37.0	0.0	4.96
25	7	2022	30.0	36.6	0.0	4.79
26	7	2022	29.0	35.0	0.0	4.47
27	7	2022	29.0	34.5	0.0	4.25
28	7	2022	30.0	36.0	0.0	4.51
29	7	2022	30.7	36.0	0.0	4.27
30	7	2022	25.7	33.0	0.0	4.72
31	7	2022	29.0	34.2	0.0	4.14
1	8	2022	29.9	35.0	0.0	4.12
2	8	2022	28.0	35.0	0.0	4.77
3	8	2022	27.8	31.0	0.0	3.06
4	8	2022	25.0	28.5	59.0	3.06
5	8	2022	26.0	28.7	7.0	2.68
6	8	2022	27.0	31.4	15.0	3.55
7	8	2022	28.0	34.0	0.1	4.33
8	8	2022	26.0	31.0	12.0	3.76
9	8	2022	26.0	28.2	56.0	2.41
10	8	2022	26.0	29.0	5.0	2.87
11	8	2022	25.0	29.0	36.0	3.24
12	8	2022	24.9	27.2	48.0	2.42
13	8	2022	27.0	31.0	0.0	3.38
14	8	2022	28.0	32.1	0.0	3.49
15	8	2022	28.7	33.7	0.0	3.89
16	8	2022	28.0	33.2	2.0	3.93
17	8	2022	26.0	31.5	0.1	3.9
18	8	2022	27.4	31.0	0.8	3.18
19	8	2022	27.8	32.1	2.6	3.47
20	8	2022	26.8	32.0	2.0	3.79
21	8	2022	28.0	32.0	1.2	3.39
22	8	2022	29.0	33.4	0.0	3.62
23	8	2022	30.0	35.2	0.0	4.02
24	8	2022	25.2	36.0	4.0	5.63
25	8	2022	26.0	29.0	19.0	2.78
26	8	2022	27.9	31.2	0.0	3.02
27	8	2022	28.8	33.0	0.0	3.47
28	8	2022	28.9	33.8	0.0	3.77
29	8	2022	28.0	33.0	0.0	3.73
30	8	2022	28.8	33.0	0.0	3.44
31	8	2022	28.5	32.4	0.2	3.29
1	9	2022	28.0	33.0	0.0	3.68
2	9	2022	27.7	32.0	0.0	3.42
3	9	2022	28.0	32.0	0.0	3.32
4	9	2022	29.6	33.2	0.0	3.17
5	9	2022	29.0	34.0	0.0	3.75
6	9	2022	27.7	35.0	0.0	4.51
7	9	2022	28.0	31.0	0.0	2.77
8	9	2022	28.0	33.0	0.0	3.64
9	9	2022	27.8	34.0	0.0	4.05
10	9	2022	27.0	32.8	0.0	3.84
11	9	2022	28.8	34.0	0.0	3.7
12	9	2022	29.0	35.0	0.0	4.06
13	9	2022	30.0	35.3	0.0	3.85
14	9	2022	29.0	35.0	0.0	4.05
15	9	2022	28.7	35.0	0.0	4.1
16	9	2022	29.0	35.0	0.0	4.0
17	9	2022	30.0	34.7	0.0	3.53
18	9	2022	25.0	35.6	0.0	5.17
19	9	2022	29.0	33.0	0.0	3.12
20	9	2022	28.0	33.0	0.0	3.45
21	9	2022	28.0	32.1	0.0	3.09
22	9	2022	27.0	33.0	0.0	3.72
23	9	2022	27.0	32.0	0.0	3.38
24	9	2022	27.0	32.0	0.0	3.34
25	9	2022	27.6	33.0	0.0	3.48
26	9	2022	28.7	34.0	0.0	3.51
27	9	2022	28.0	34.0	0.0	3.71
28	9	2022	28.0	32.0	0.0	2.99
29	9	2022	25.0	31.2	0.0	3.58
30	9	2022	24.7	27.5	0.0	2.3
1	10	2022	28.0	32.0	0.0	2.9
2	10	2022	28.0	33.0	0.0	3.28
3	10	2022	27.0	33.0	0.0	3.59
4	10	2022	28.0	31.5	0.0	2.71
5	10	2022	28.0	33.0	0.0	3.25
6	10	2022	27.3	32.0	0.0	3.11
7	10	2022	25.0	32.2	6.0	3.76
8	10	2022	26.0	31.0	0.1	3.06
9	10	2022	22.0	32.0	0.0	4.22
10	10	2022	21.0	27.5	0.0	3.21
11	10	2022	22.0	27.0	0.0	2.77
12	10	2022	23.5	29.0	0.0	3.0
13	10	2022	25.4	29.2	0.0	2.56
14	10	2022	24.9	30.2	0.0	3.01
15	10	2022	26.0	30.0	0.0	2.66
16	10	2022	27.4	30.3	0.0	2.3
17	10	2022	24.5	29.0	0.0	2.74
18	10	2022	17.0	23.0	8.0	2.6
19	10	2022	23.0	26.0	0.0	2.07
20	10	2022	23.7	28.0	0.0	2.54
21	10	2022	23.0	29.0	0.0	2.99
22	10	2022	25.9	30.6	0.0	2.75
23	10	2022	24.8	30.0	0.0	2.82
24	10	2022	23.0	29.0	0.0	2.93
25	10	2022	22.0	27.0	0.0	2.6
26	10	2022	22.9	27.8	0.0	2.57
27	10	2022	24.0	29.0	0.0	2.64
28	10	2022	24.0	30.1	0.0	2.93
29	10	2022	23.0	29.0	0.0	2.91
30	10	2022	23.0	29.0	0.0	2.86
31	10	2022	23.8	28.0	0.0	2.39
1	11	2022	19.0	24.0	3.0	2.31
2	11	2022	19.2	22.2	24.0	1.74
3	11	2022	22.0	24.0	0.1	1.51
4	11	2022	20.0	25.2	0.0	2.43
5	11	2022	18.8	22.1	0.2	1.82
6	11	2022	19.3	22.0	16.1	1.62
7	11	2022	20.0	23.0	3.0	1.74
8	11	2022	21.9	23.2	0.0	1.18
9	11	2022	23.5	26.1	0.0	1.74
10	11	2022	24.0	27.0	0.0	1.89
11	11	2022	23.9	29.0	0.0	2.46
12	11	2022	22.7	27.0	0.0	2.21
13	11	2022	23.0	28.0	0.0	2.42
14	11	2022	24.0	27.5	0.0	2.0
15	11	2022	23.9	28.0	0.0	2.17
16	11	2022	23.0	28.0	0.0	2.38
17	11	2022	23.0	28.0	0.0	2.37
18	11	2022	24.0	28.0	0.0	2.12
19	11	2022	24.0	28.2	0.0	2.18
20	11	2022	23.7	27.3	0.0	1.98
21	11	2022	23.0	26.0	0.2	1.77
22	11	2022	23.8	26.0	0.0	1.51
23	11	2022	22.9	26.0	0.0	1.77
24	11	2022	21.9	23.0	1.5	1.01
25	11	2022	22.0	25.5	0.1	1.84
26	11	2022	22.0	24.1	0.1	1.42
27	11	2022	24.0	26.1	0.1	1.47
28	11	2022	24.7	29.0	0.0	2.18
29	11	2022	23.6	30.6	0.0	2.75
30	11	2022	15.0	25.6	0.2	2.88
1	12	2022	12.0	17.0	0.0	1.68
2	12	2022	15.7	17.0	0.0	0.89
3	12	2022	18.0	20.1	0.0	1.24
4	12	2022	16.0	21.0	0.0	1.93
5	12	2022	13.8	18.0	0.0	1.6
6	12	2022	15.0	18.0	0.0	1.37
7	12	2022	16.7	21.4	0.0	1.81
8	12	2022	17.0	22.0	0.0	1.93
9	12	2022	15.0	22.0	0.0	2.23
10	12	2022	14.6	22.0	0.0	2.24
11	12	2022	15.0	18.0	0.0	1.35
12	12	2022	13.9	18.0	0.0	1.56
13	12	2022	11.0	16.0	4.0	1.58
14	12	2022	11.6	13.0	4.2	0.81
15	12	2022	13.0	16.0	2.0	1.28
16	12	2022	12.0	17.0	9.8	1.69
17	12	2022	10.0	14.0	1.0	1.38
18	12	2022	9.2	15.0	0.0	1.65
19	12	2022	14.6	17.5	0.0	1.27
20	12	2022	16.0	20.0	0.0	1.62
21	12	2022	14.0	19.1	0.0	1.8
22	12	2022	13.0	21.4	0.0	2.31
23	12	2022	13.0	20.0	0.0	2.07
24	12	2022	13.0	21.0	0.0	2.21
25	12	2022	14.0	19.0	0.0	1.74
26	12	2022	14.0	20.0	0.0	1.93
27	12	2022	15.0	20.0	0.0	1.8
28	12	2022	14.0	21.0	0.0	2.15
29	12	2022	11.0	18.1	0.0	2.02
30	12	2022	11.0	17.0	0.0	1.79
31	12	2022	13.8	17.0	0.0	1.37
1	1	2023	14.0	18.0	0.0	1.58
2	1	2023	16.0	20.0	0.0	1.65
3	1	2023	15.8	18.0	0.0	1.18
4	1	2023	16.9	18.2	0.0	0.93
5	1	2023	17.7	21.0	0.0	1.56
6	1	2023	18.0	24.0	0.0	2.19
7	1	2023	19.0	23.0	0.0	1.75
8	1	2023	17.9	21.1	0.0	1.56
9	1	2023	18.0	20.1	0.0	1.25
10	1	2023	17.0	18.0	2.2	0.84
11	1	2023	18.0	21.0	0.1	1.51
12	1	2023	20.0	22.0	0.0	1.3
13	1	2023	21.6	25.0	0.0	1.8
14	1	2023	19.0	26.0	0.0	2.55
15	1	2023	11.0	18.4	0.0	2.13
16	1	2023	9.9	12.0	0.0	1.01
17	1	2023	11.0	13.2	0.0	1.07
18	1	2023	12.0	16.0	0.0	1.53
19	1	2023	16.0	18.0	0.0	1.19
20	1	2023	16.0	18.3	0.0	1.29
21	1	2023	16.9	20.3	0.0	1.61
22	1	2023	16.5	23.0	0.0	2.34
23	1	2023	14.0	22.0	0.0	2.56
24	1	2023	10.0	17.0	0.0	2.08
25	1	2023	10.0	14.0	0.0	1.53
26	1	2023	16.0	18.0	0.0	1.23
27	1	2023	11.0	17.0	0.0	1.97
28	1	2023	10.0	16.0	0.0	1.9
29	1	2023	10.0	15.0	0.0	1.73
30	1	2023	14.0	19.0	0.0	1.93
31	1	2023	18.0	22.0	0.0	1.89
1	2	2023	18.0	25.0	0.0	2.66
2	2	2023	17.0	24.0	0.0	2.59
3	2	2023	17.0	21.0	0.0	1.93
4	2	2023	17.8	20.0	0.1	1.41
5	2	2023	18.0	20.1	0.0	1.4
6	2	2023	19.7	22.6	0.0	1.72
7	2	2023	18.0	24.0	0.0	2.54
8	2	2023	18.0	21.0	0.0	1.71
9	2	2023	19.9	24.0	0.0	2.12
10	2	2023	19.0	25.0	0.0	2.61
11	2	2023	20.0	23.0	0.0	1.82
12	2	2023	22.0	25.0	0.0	1.93
13	2	2023	17.0	28.0	0.0	3.65
14	2	2023	13.0	19.0	0.0	2.36
15	2	2023	14.0	18.1	0.0	1.9
16	2	2023	16.0	19.0	0.0	1.69
17	2	2023	18.0	22.0	0.0	2.09
18	2	2023	21.0	25.5	0.0	2.41
19	2	2023	19.0	27.0	0.0	3.25
20	2	2023	17.0	23.2	0.0	2.67
21	2	2023	15.0	22.0	0.0	2.71
22	2	2023	15.7	20.0	0.0	2.11
23	2	2023	17.6	21.0	0.0	1.97
24	2	2023	15.0	24.0	0.0	3.32
25	2	2023	14.0	20.0	0.0	2.45
26	2	2023	14.0	20.0	0.0	2.5
27	2	2023	15.0	20.0	0.0	2.3
28	2	2023	16.0	21.0	0.0	2.39
1	3	2023	18.7	24.0	0.0	2.64
2	3	2023	16.9	23.0	0.0	2.81
3	3	2023	18.0	22.0	0.0	2.24
4	3	2023	17.9	22.4	0.0	2.42
5	3	2023	17.0	24.2	0.0	3.12
6	3	2023	17.8	25.0	0.0	3.16
7	3	2023	19.0	25.0	0.0	2.95
8	3	2023	19.8	24.4	0.0	2.63
9	3	2023	21.0	27.0	0.0	3.11
10	3	2023	20.0	27.0	0.0	3.37
11	3	2023	20.0	26.0	0.0	3.12
12	3	2023	20.0	25.5	0.0	3.0
13	3	2023	19.0	21.0	0.0	1.68
14	3	2023	18.7	22.0	0.0	2.19
15	3	2023	19.0	25.0	0.0	3.08
16	3	2023	21.0	26.1	0.0	2.94
17	3	2023	20.0	25.2	0.0	2.97
18	3	2023	20.8	26.0	0.0	3.0
19	3	2023	20.9	23.0	0.0	1.85
20	3	2023	23.0	26.5	0.0	2.54
21	3	2023	24.5	26.0	0.0	1.72
22	3	2023	24.4	26.0	0.0	1.79
23	3	2023	23.8	27.0	0.0	2.54
24	3	2023	24.0	28.0	0.0	2.89
25	3	2023	21.0	27.0	16.0	3.32
26	3	2023	19.0	21.0	5.1	1.79
27	3	2023	16.0	20.0	0.0	2.4
28	3	2023	18.0	20.3	0.0	1.9
29	3	2023	19.9	22.2	0.0	1.98
30	3	2023	20.9	22.0	0.0	1.39
31	3	2023	20.0	22.1	0.0	1.91
1	4	2023	21.0	23.0	0.0	1.91
2	4	2023	21.0	24.0	0.0	2.37
3	4	2023	21.6	25.0	0.0	2.54
4	4	2023	25.0	26.4	0.0	1.76
5	4	2023	25.0	28.0	2.0	2.63
6	4	2023	19.0	28.8	18.0	4.49
7	4	2023	20.9	24.3	0.0	2.56
8	4	2023	19.9	22.1	0.0	1.99
9	4	2023	18.0	22.0	0.1	2.69
10	4	2023	22.5	25.2	0.0	2.37
11	4	2023	22.0	27.1	0.0	3.39
12	4	2023	22.8	27.6	0.0	3.3
13	4	2023	23.0	27.0	0.0	2.99
14	4	2023	24.0	27.0	0.0	2.65
15	4	2023	24.0	30.0	0.0	3.87
16	4	2023	24.0	31.0	0.0	4.2
17	4	2023	25.0	29.2	0.0	3.26
18	4	2023	27.0	28.2	0.0	1.77
19	4	2023	22.0	28.0	35.0	3.76
20	4	2023	23.9	27.0	3.0	2.72
21	4	2023	23.0	26.0	3.0	2.63
22	4	2023	23.0	26.0	0.0	2.62
23	4	2023	23.0	26.0	0.0	2.64
24	4	2023	21.0	26.0	0.4	3.36
25	4	2023	19.0	22.4	0.0	2.57
26	4	2023	22.0	24.0	0.0	2.06
27	4	2023	22.5	26.0	0.0	2.83
28	4	2023	24.0	29.0	0.0	3.55
29	4	2023	22.0	28.0	0.1	3.86
30	4	2023	23.8	27.0	0.0	2.79
1	5	2023	23.0	27.0	0.0	3.12
2	5	2023	24.0	27.2	0.0	2.82
3	5	2023	25.0	30.0	0.0	3.67
4	5	2023	26.0	31.0	0.0	3.76
5	5	2023	27.0	30.2	0.0	3.04
6	5	2023	28.0	31.0	0.0	3.0
7	5	2023	23.0	30.0	49.0	4.22
8	5	2023	21.0	23.2	10.0	2.21
9	5	2023	23.0	27.0	0.0	3.12
10	5	2023	22.6	27.0	0.0	3.28
11	5	2023	24.0	26.0	0.0	2.23
12	5	2023	22.6	25.1	0.0	2.44
13	5	2023	19.9	24.0	6.0	2.99
14	5	2023	21.0	23.0	23.1	2.08
15	5	2023	23.0	28.0	0.0	3.58
16	5	2023	26.0	28.2	0.0	2.47
17	5	2023	24.0	31.0	37.0	4.55
18	5	2023	27.5	32.1	0.0	3.8
19	5	2023	28.0	32.1	0.0	3.61
20	5	2023	29.3	32.0	0.0	2.95
21	5	2023	29.0	32.0	4.0	3.09
22	5	2023	26.0	33.0	0.0	4.73
23	5	2023	24.7	30.2	0.0	3.89
24	5	2023	25.0	29.3	0.0	3.43
25	5	2023	27.0	30.0	0.0	2.97
26	5	2023	27.0	32.0	0.0	3.93
27	5	2023	27.2	33.0	0.0	4.27
28	5	2023	26.0	32.0	0.0	4.28
29	5	2023	29.0	33.0	0.0	3.6
30	5	2023	31.9	36.0	0.0	3.87
31	5	2023	25.0	37.0	0.0	6.53
1	6	2023	26.0	32.0	4.0	4.28
2	6	2023	29.0	35.0	0.0	4.49
3	6	2023	29.0	34.0	0.0	4.08
4	6	2023	27.0	33.3	0.0	4.55
5	6	2023	29.0	33.0	0.0	3.61
6	6	2023	26.5	31.0	20.5	3.67
7	6	2023	29.0	32.0	0.0	3.08
8	6	2023	26.9	32.0	17.0	3.94
9	6	2023	28.0	31.0	5.0	3.06
10	6	2023	26.0	32.0	27.6	4.34
11	6	2023	28.0	32.6	0.1	3.84
12	6	2023	28.4	33.0	0.0	3.88
13	6	2023	25.3	33.0	53.0	4.89
14	6	2023	26.0	30.2	32.8	3.53
15	6	2023	26.9	30.0	0.0	3.03
16	6	2023	25.3	28.7	36.0	3.08
17	6	2023	25.5	29.0	50.0	3.18
18	6	2023	27.0	31.0	6.4	3.53
19	6	2023	28.0	32.3	0.0	3.73
20	6	2023	28.7	33.0	0.0	3.78
21	6	2023	29.6	33.3	0.0	3.52
22	6	2023	29.0	33.0	0.0	3.66
23	6	2023	28.0	32.0	0.1	3.59
24	6	2023	26.7	30.0	50.0	3.18
25	6	2023	28.0	32.0	0.0	3.56
26	6	2023	28.0	32.3	0.0	3.74
27	6	2023	29.0	33.0	0.0	3.64
28	6	2023	27.7	32.0	0.0	3.69
29	6	2023	29.8	33.5	0.0	3.52
30	6	2023	28.0	33.0	7.0	4.04
1	7	2023	27.0	30.0	32.0	3.01
2	7	2023	26.0	28.6	17.2	2.72
3	7	2023	27.7	33.0	0.3	4.11
4	7	2023	27.0	32.0	0.7	3.95
5	7	2023	29.0	33.0	0.0	3.64
6	7	2023	27.0	33.0	2.0	4.43
7	7	2023	29.0	33.0	0.0	3.63
8	7	2023	29.2	33.0	0.0	3.55
9	7	2023	29.0	34.0	0.0	4.08
10	7	2023	29.0	34.3	0.0	4.21
11	7	2023	29.0	34.0	0.0	4.07
12	7	2023	28.0	34.0	0.0	4.43
13	7	2023	29.0	34.2	0.0	4.15
14	7	2023	29.9	35.0	0.0	4.19
15	7	2023	26.0	35.0	18.0	5.36
16	7	2023	27.6	33.0	4.1	4.09
17	7	2023	27.0	30.8	7.0	3.4
18	7	2023	27.0	31.4	8.0	3.69
19	7	2023	28.0	31.4	0.9	3.23
20	7	2023	28.0	32.1	0.0	3.61
21	7	2023	28.8	33.0	0.0	3.67
22	7	2023	28.7	33.0	0.0	3.72
23	7	2023	28.7	33.0	3.0	3.7
24	7	2023	28.0	33.0	0.0	3.99
25	7	2023	30.0	34.0	0.0	3.65
26	7	2023	31.6	36.1	0.0	4.03
27	7	2023	29.0	35.9	7.0	4.85
28	7	2023	28.0	35.5	0.0	5.09
29	7	2023	26.0	32.0	37.1	4.25
30	7	2023	26.8	31.2	10.0	3.63
31	7	2023	27.9	33.0	0.0	3.98
1	8	2023	27.5	31.8	2.0	3.59
2	8	2023	27.9	34.0	0.0	4.34
3	8	2023	29.0	34.0	0.0	3.99
4	8	2023	29.7	34.2	0.0	3.78
5	8	2023	28.0	33.5	0.3	4.18
6	8	2023	28.0	33.0	6.0	3.96
7	8	2023	28.0	33.0	3.0	3.95
8	8	2023	29.0	33.0	0.0	3.54
9	8	2023	30.0	33.1	0.0	3.11
10	8	2023	26.9	32.0	20.0	3.82
11	8	2023	27.0	31.0	3.0	3.34
12	8	2023	28.6	32.5	0.0	3.42
13	8	2023	26.0	31.2	20.0	3.88
14	8	2023	29.0	32.0	2.0	3.0
15	8	2023	28.0	32.0	6.0	3.46
16	8	2023	29.5	34.2	0.0	3.82
17	8	2023	29.0	33.0	0.0	3.47
18	8	2023	28.0	31.0	22.0	2.94
19	8	2023	27.0	31.0	13.0	3.34
20	8	2023	28.0	31.0	0.0	2.94
21	8	2023	28.0	32.0	0.0	3.41
22	8	2023	29.0	33.0	0.0	3.44
23	8	2023	28.0	33.0	0.0	3.83
24	8	2023	28.0	31.0	0.1	2.88
25	8	2023	28.0	31.4	8.0	3.09
26	8	2023	29.0	32.0	0.0	2.94
27	8	2023	28.0	32.0	2.2	3.36
28	8	2023	28.0	32.0	0.1	3.36
29	8	2023	26.8	31.0	11.0	3.3
30	8	2023	27.0	31.1	0.0	3.3
31	8	2023	27.4	31.0	0.0	3.08
1	9	2023	25.2	28.5	78.1	2.79
2	9	2023	26.1	28.0	23.0	2.14
3	9	2023	28.0	33.0	0.0	3.69
4	9	2023	28.0	33.1	5.0	3.73
5	9	2023	28.9	31.0	0.0	2.36
6	9	2023	27.0	32.0	0.0	3.61
7	9	2023	25.9	31.0	86.2	3.48
8	9	2023	25.8	27.0	29.0	1.64
9	9	2023	25.0	28.0	5.0	2.6
10	9	2023	25.0	27.0	29.0	2.09
11	9	2023	26.0	30.0	0.0	3.04
12	9	2023	27.0	31.0	0.0	3.09
13	9	2023	26.0	31.3	2.0	3.57
14	9	2023	26.0	29.2	28.0	2.68
15	9	2023	26.0	32.0	14.0	3.73
16	9	2023	27.0	30.0	0.0	2.63
17	9	2023	27.6	32.0	0.0	3.27
18	9	2023	27.8	32.0	0.0	3.18
19	9	2023	29.1	32.1	0.0	2.74
20	9	2023	27.8	33.0	0.0	3.53
21	9	2023	28.7	34.0	0.0	3.61
22	9	2023	28.0	33.0	0.0	3.48
23	9	2023	29.0	34.0	0.0	3.49
24	9	2023	28.9	34.0	0.0	3.49
25	9	2023	28.6	33.3	0.0	3.33
26	9	2023	28.9	34.3	0.0	3.58
27	9	2023	29.0	33.5	0.0	3.26
28	9	2023	29.0	34.4	0.0	3.58
29	9	2023	28.0	34.0	0.5	3.69
30	9	2023	28.0	33.0	0.0	3.36
1	10	2023	28.0	34.0	0.0	3.66
2	10	2023	28.0	33.0	0.0	3.31
3	10	2023	28.9	32.0	0.0	2.6
4	10	2023	29.0	34.3	0.0	3.44
5	10	2023	27.0	33.0	0.0	3.57
6	10	2023	24.4	31.4	0.0	3.63
7	10	2023	21.6	25.0	4.0	2.32
8	10	2023	21.8	23.9	99.0	1.76
9	10	2023	22.6	24.1	52.0	1.5
10	10	2023	23.0	27.0	0.0	2.54
11	10	2023	23.0	28.0	0.0	2.85
12	10	2023	25.0	28.0	0.0	2.26
13	10	2023	25.0	29.0	0.0	2.63
14	10	2023	25.0	30.0	0.0	2.93
15	10	2023	25.8	30.0	0.0	2.67
16	10	2023	26.0	30.0	0.0	2.61
17	10	2023	25.3	29.0	0.0	2.47
18	10	2023	23.9	26.0	2.9	1.78
19	10	2023	26.0	27.0	0.8	1.26
20	10	2023	21.0	28.0	0.0	3.21
21	10	2023	21.0	23.0	0.0	1.57
22	10	2023	23.7	25.6	0.0	1.62
23	10	2023	25.0	29.0	0.0	2.45
24	10	2023	25.5	30.0	0.0	2.64
25	10	2023	25.0	30.0	0.0	2.78
26	10	2023	24.2	30.0	0.0	2.94
27	10	2023	26.0	30.0	0.0	2.47
28	10	2023	25.0	28.1	0.4	2.09
29	10	2023	25.0	28.0	0.0	2.05
30	10	2023	24.0	29.0	0.0	2.64
31	10	2023	24.0	29.0	0.0	2.61
1	11	2023	25.0	30.0	0.0	2.62
2	11	2023	24.0	29.0	0.0	2.6
3	11	2023	24.0	30.0	0.0	2.87
4	11	2023	25.0	30.0	0.0	2.62
5	11	2023	24.9	30.5	0.0	2.77
6	11	2023	24.6	31.6	0.0	3.15
7	11	2023	25.0	27.0	0.0	1.59
8	11	2023	25.0	27.0	0.0	1.59
9	11	2023	25.8	29.0	0.0	2.02
10	11	2023	26.0	30.0	0.0	2.3
11	11	2023	23.0	26.2	3.0	1.94
12	11	2023	20.0	27.0	0.0	2.75
13	11	2023	18.0	24.0	0.0	2.37
14	11	2023	18.0	23.3	0.0	2.21
15	11	2023	21.0	27.0	0.0	2.52
16	11	2023	15.0	23.0	0.0	2.57
17	11	2023	17.0	23.0	0.0	2.25
18	11	2023	18.8	24.0	0.0	2.12
19	11	2023	17.9	24.0	0.0	2.32
20	11	2023	20.3	25.0	0.0	2.1
21	11	2023	20.0	26.0	0.0	2.39
22	11	2023	19.9	26.0	0.0	2.41
23	11	2023	21.0	26.0	0.0	2.21
24	11	2023	20.0	27.0	0.0	2.61
25	11	2023	20.0	26.1	0.0	2.38
26	11	2023	19.4	26.0	0.0	2.45
27	11	2023	20.0	27.0	0.0	2.58
28	11	2023	21.5	27.3	0.0	2.36
29	11	2023	22.0	26.0	0.0	1.96
30	11	2023	21.0	27.2	0.0	2.45
1	12	2023	18.0	23.0	0.0	2.0
2	12	2023	18.0	22.0	0.0	1.79
3	12	2023	21.0	24.3	0.0	1.68
4	12	2023	20.0	24.0	0.0	1.84
5	12	2023	21.0	24.0	0.0	1.6
6	12	2023	18.0	22.0	0.0	1.76
7	12	2023	18.0	24.0	0.0	2.19
8	12	2023	22.0	25.0	0.0	1.62
9	12	2023	23.0	27.4	0.0	2.04
10	12	2023	23.0	28.0	0.0	2.21
11	12	2023	22.8	28.0	0.0	2.22
12	12	2023	22.6	28.0	0.0	2.27
13	12	2023	22.0	25.2	0.0	1.67
14	12	2023	24.0	27.0	0.0	1.69
15	12	2023	19.0	29.0	0.0	3.12
16	12	2023	10.6	18.0	0.0	2.0
17	12	2023	11.0	16.0	0.0	1.58
18	12	2023	14.0	18.0	0.0	1.55
19	12	2023	11.7	15.0	0.0	1.29
20	12	2023	9.0	16.0	0.0	1.8
21	12	2023	8.0	12.0	0.0	1.29
22	12	2023	8.0	12.0	0.0	1.3
23	12	2023	9.0	13.0	0.0	1.29
24	12	2023	11.8	16.5	0.0	1.56
25	12	2023	13.0	18.0	0.0	1.67
26	12	2023	16.0	20.0	0.0	1.62
27	12	2023	18.8	21.2	0.0	1.32
28	12	2023	18.0	23.0	0.0	1.96
29	12	2023	18.0	23.0	0.0	1.96
30	12	2023	18.8	24.0	0.0	2.02
31	12	2023	19.9	24.2	0.0	1.89
